accuracy	0.652620	0.652620	0.652620	0.652620	0.652620	0.652620	0.652620	0.652620	0.652620	0.652620	0.652620	0.000000
recall	0.648604	0.648604	0.648604	0.648604	0.648604	0.648604	0.648604	0.648604	0.648604	0.648604	0.648604	0.000000
precision	0.650585	0.650585	0.650585	0.650585	0.650585	0.650585	0.650585	0.650585	0.650585	0.650585	0.650585	0.000000
f1score	0.648921	0.648921	0.648921	0.648921	0.648921	0.648921	0.648921	0.648921	0.648921	0.648921	0.648921	0.000000
mcc	0.299183	0.299183	0.299183	0.299183	0.299183	0.299183	0.299183	0.299183	0.299183	0.299183	0.299183	0.000000
spd	0.174154	0.174154	0.174154	0.174154	0.174154	0.174154	0.174154	0.174154	0.174154	0.174154	0.174154	0.000000
aaod	0.151350	0.151350	0.151350	0.151350	0.151350	0.151350	0.151350	0.151350	0.151350	0.151350	0.151350	0.000000
eod	0.108778	0.108778	0.108778	0.108778	0.108778	0.108778	0.108778	0.108778	0.108778	0.108778	0.108778	0.000000

accuracy change: -0.002161
recall change: 0.000441
precision change: -0.003502
f1score change: 0.000980
mcc change: -0.003009
spd change: -0.001626
aaod change: -0.002258
eod change: 0.001437
