accuracy	0.837542	0.837542	0.837542	0.837542	0.837542	0.837542	0.837542	0.837542	0.837542	0.837542	0.837542	0.000000
recall	0.864163	0.864163	0.864163	0.864163	0.864163	0.864163	0.864163	0.864163	0.864163	0.864163	0.864163	0.000000
precision	0.711006	0.711006	0.711006	0.711006	0.711006	0.711006	0.711006	0.711006	0.711006	0.711006	0.711006	0.000000
f1score	0.744754	0.744754	0.744754	0.744754	0.744754	0.744754	0.744754	0.744754	0.744754	0.744754	0.744754	0.000000
mcc	0.554402	0.554402	0.554402	0.554402	0.554402	0.554402	0.554402	0.554402	0.554402	0.554402	0.554402	0.000000
spd	0.227645	0.227645	0.227645	0.227645	0.227645	0.227645	0.227645	0.227645	0.227645	0.227645	0.227645	0.000000
aaod	0.104734	0.104734	0.104734	0.104734	0.104734	0.104734	0.104734	0.104734	0.104734	0.104734	0.104734	0.000000
eod	0.063850	0.063850	0.063850	0.063850	0.063850	0.063850	0.063850	0.063850	0.063850	0.063850	0.063850	0.000000

accuracy change: -0.057505
recall change: 0.092822
precision change: -0.057281
f1score change: -0.025046
mcc change: 0.014784
spd change: 0.142045
aaod change: 0.077073
eod change: 0.031095
