accuracy	0.808137	0.808137	0.808137	0.808137	0.808137	0.808137	0.808137	0.808137	0.808137	0.808137	0.808137	0.000000
recall	0.822951	0.822951	0.822951	0.822951	0.822951	0.822951	0.822951	0.822951	0.822951	0.822951	0.822951	0.000000
precision	0.758543	0.758543	0.758543	0.758543	0.758543	0.758543	0.758543	0.758543	0.758543	0.758543	0.758543	0.000000
f1score	0.774043	0.774043	0.774043	0.774043	0.774043	0.774043	0.774043	0.774043	0.774043	0.774043	0.774043	0.000000
mcc	0.577916	0.577916	0.577916	0.577916	0.577916	0.577916	0.577916	0.577916	0.577916	0.577916	0.577916	0.000000
spd	0.151416	0.151416	0.151416	0.151416	0.151416	0.151416	0.151416	0.151416	0.151416	0.151416	0.151416	0.000000
aaod	0.076274	0.076274	0.076274	0.076274	0.076274	0.076274	0.076274	0.076274	0.076274	0.076274	0.076274	0.000000
eod	0.041964	0.041964	0.041964	0.041964	0.041964	0.041964	0.041964	0.041964	0.041964	0.041964	0.041964	0.000000

accuracy change: -0.043414
recall change: 0.046167
precision change: -0.048772
f1score change: -0.015910
mcc change: -0.005385
spd change: 0.055904
aaod change: 0.026282
eod change: -0.008723
