accuracy	0.746667	0.746667	0.746667	0.746667	0.746667	0.746667	0.746667	0.746667	0.746667	0.746667	0.746667	0.000000
recall	0.705000	0.705000	0.705000	0.705000	0.705000	0.705000	0.705000	0.705000	0.705000	0.705000	0.705000	0.000000
precision	0.714256	0.714256	0.714256	0.714256	0.714256	0.714256	0.714256	0.714256	0.714256	0.714256	0.714256	0.000000
f1score	0.708946	0.708946	0.708946	0.708946	0.708946	0.708946	0.708946	0.708946	0.708946	0.708946	0.708946	0.000000
mcc	0.419154	0.419154	0.419154	0.419154	0.419154	0.419154	0.419154	0.419154	0.419154	0.419154	0.419154	0.000000
spd	0.067002	0.067002	0.067002	0.067002	0.067002	0.067002	0.067002	0.067002	0.067002	0.067002	0.067002	0.000000
aaod	0.045096	0.045096	0.045096	0.045096	0.045096	0.045096	0.045096	0.045096	0.045096	0.045096	0.045096	0.000000
eod	0.056707	0.056707	0.056707	0.056707	0.056707	0.056707	0.056707	0.056707	0.056707	0.056707	0.056707	0.000000

accuracy change: -0.023333
recall change: -0.007500
precision change: -0.033254
f1score change: -0.014578
mcc change: -0.039522
spd change: -0.003972
aaod change: 0.022089
eod change: 0.032001
