accuracy	0.650999	0.650999	0.650999	0.650999	0.650999	0.650999	0.650999	0.650999	0.650999	0.650999	0.650999	0.000000
recall	0.647475	0.647475	0.647475	0.647475	0.647475	0.647475	0.647475	0.647475	0.647475	0.647475	0.647475	0.000000
precision	0.648897	0.648897	0.648897	0.648897	0.648897	0.648897	0.648897	0.648897	0.648897	0.648897	0.648897	0.000000
f1score	0.647779	0.647779	0.647779	0.647779	0.647779	0.647779	0.647779	0.647779	0.647779	0.647779	0.647779	0.000000
mcc	0.296369	0.296369	0.296369	0.296369	0.296369	0.296369	0.296369	0.296369	0.296369	0.296369	0.296369	0.000000
spd	0.142565	0.142565	0.142565	0.142565	0.142565	0.142565	0.142565	0.142565	0.142565	0.142565	0.142565	0.000000
aaod	0.131394	0.131394	0.131394	0.131394	0.131394	0.131394	0.131394	0.131394	0.131394	0.131394	0.131394	0.000000
eod	0.091113	0.091113	0.091113	0.091113	0.091113	0.091113	0.091113	0.091113	0.091113	0.091113	0.091113	0.000000

accuracy change: -0.003782
recall change: -0.000688
precision change: -0.005190
f1score change: -0.000163
mcc change: -0.005823
spd change: -0.046487
aaod change: -0.047887
eod change: -0.038338
