accuracy	0.760000	0.760000	0.760000	0.760000	0.760000	0.760000	0.760000	0.760000	0.760000	0.760000	0.760000	0.000000
recall	0.700000	0.700000	0.700000	0.700000	0.700000	0.700000	0.700000	0.700000	0.700000	0.700000	0.700000	0.000000
precision	0.734962	0.734962	0.734962	0.734962	0.734962	0.734962	0.734962	0.734962	0.734962	0.734962	0.734962	0.000000
f1score	0.710549	0.710549	0.710549	0.710549	0.710549	0.710549	0.710549	0.710549	0.710549	0.710549	0.710549	0.000000
mcc	0.433555	0.433555	0.433555	0.433555	0.433555	0.433555	0.433555	0.433555	0.433555	0.433555	0.433555	0.000000
spd	0.149555	0.149555	0.149555	0.149555	0.149555	0.149555	0.149555	0.149555	0.149555	0.149555	0.149555	0.000000
aaod	0.218592	0.218592	0.218592	0.218592	0.218592	0.218592	0.218592	0.218592	0.218592	0.218592	0.218592	0.000000
eod	0.101099	0.101099	0.101099	0.101099	0.101099	0.101099	0.101099	0.101099	0.101099	0.101099	0.101099	0.000000

accuracy change: -0.010000
recall change: -0.012500
precision change: -0.012548
f1score change: -0.012976
mcc change: -0.025121
spd change: -0.070406
aaod change: -0.071296
eod change: -0.073626
