accuracy	0.811675	0.811675	0.811675	0.811675	0.811675	0.811675	0.811675	0.811675	0.811675	0.811675	0.811675	0.000000
recall	0.821670	0.821670	0.821670	0.821670	0.821670	0.821670	0.821670	0.821670	0.821670	0.821670	0.821670	0.000000
precision	0.760281	0.760281	0.760281	0.760281	0.760281	0.760281	0.760281	0.760281	0.760281	0.760281	0.760281	0.000000
f1score	0.776380	0.776380	0.776380	0.776380	0.776380	0.776380	0.776380	0.776380	0.776380	0.776380	0.776380	0.000000
mcc	0.578704	0.578704	0.578704	0.578704	0.578704	0.578704	0.578704	0.578704	0.578704	0.578704	0.578704	0.000000
spd	0.283029	0.283029	0.283029	0.283029	0.283029	0.283029	0.283029	0.283029	0.283029	0.283029	0.283029	0.000000
aaod	0.134564	0.134564	0.134564	0.134564	0.134564	0.134564	0.134564	0.134564	0.134564	0.134564	0.134564	0.000000
eod	0.092015	0.092015	0.092015	0.092015	0.092015	0.092015	0.092015	0.092015	0.092015	0.092015	0.092015	0.000000

accuracy change: -0.039876
recall change: 0.044886
precision change: -0.047034
f1score change: -0.013574
mcc change: -0.004596
spd change: 0.092518
aaod change: 0.038988
eod change: -0.017580
