accuracy	0.849267	0.849045	0.848972	0.849709	0.849267	0.849488	0.849193	0.849930	0.848824	0.849119	0.849281	0.000323
recall	0.747256	0.752853	0.753409	0.752588	0.753101	0.751030	0.749323	0.754850	0.746661	0.747159	0.750823	0.002848
precision	0.820038	0.815073	0.814481	0.817042	0.815481	0.817625	0.818144	0.815975	0.819267	0.819697	0.817282	0.001896
f1score	0.772763	0.775787	0.776042	0.776127	0.776088	0.775089	0.773902	0.777546	0.772096	0.772599	0.774804	0.001751
mcc	0.562606	0.564508	0.564597	0.565972	0.565149	0.564742	0.563279	0.567543	0.561251	0.562195	0.564184	0.001785
spd	0.063851	0.071456	0.070746	0.068265	0.068936	0.066729	0.064498	0.069786	0.066285	0.066456	0.067701	0.002432
aaod	0.021147	0.018194	0.019762	0.017934	0.020012	0.017235	0.017055	0.018766	0.019242	0.018685	0.018803	0.001213
eod	0.011825	0.000478	0.005800	0.004803	0.005843	0.003179	0.004841	0.005134	0.006169	0.005172	0.005324	0.002685

accuracy change: -0.002270
recall change: -0.025961
precision change: 0.009967
f1score change: -0.015149
mcc change: -0.019117
spd change: -0.027811
aaod change: -0.031189
eod change: -0.045363
