accuracy	0.770000	0.773333	0.770000	0.770000	0.770000	0.770000	0.770000	0.773333	0.770000	0.773333	0.771000	0.001528
recall	0.712500	0.715000	0.712500	0.712500	0.712500	0.712500	0.712500	0.715000	0.710000	0.715000	0.713000	0.001500
precision	0.747510	0.752585	0.747510	0.747510	0.747510	0.747510	0.747510	0.752585	0.748889	0.752585	0.749170	0.002271
f1score	0.723524	0.726630	0.723524	0.723524	0.723524	0.723524	0.723524	0.726630	0.721681	0.726630	0.724272	0.001635
mcc	0.458676	0.466072	0.458676	0.458676	0.458676	0.458676	0.458676	0.466072	0.457238	0.466072	0.460751	0.003509
spd	0.174732	0.179708	0.174732	0.174732	0.174732	0.174732	0.174732	0.179708	0.184683	0.179708	0.177220	0.003337
aaod	0.243626	0.247473	0.243626	0.243626	0.243626	0.243626	0.243626	0.247473	0.254515	0.247473	0.245869	0.003356
eod	0.130769	0.138462	0.130769	0.130769	0.130769	0.130769	0.130769	0.138462	0.138462	0.138462	0.133846	0.003768

accuracy change: 0.001000
recall change: 0.000500
precision change: 0.001660
f1score change: 0.000747
mcc change: 0.002075
spd change: -0.042741
aaod change: -0.044019
eod change: -0.040879
