accuracy	0.851920	0.851625	0.851994	0.851183	0.852215	0.851920	0.851478	0.851478	0.850962	0.850814	0.851559	0.000442
recall	0.778338	0.774616	0.777480	0.774322	0.774604	0.772192	0.774921	0.770185	0.767727	0.766118	0.773050	0.003780
precision	0.807408	0.808451	0.807933	0.807643	0.809728	0.810273	0.807995	0.810316	0.810452	0.810999	0.809120	0.001291
f1score	0.790970	0.788982	0.790626	0.788498	0.789435	0.788040	0.789013	0.786714	0.785093	0.784168	0.788154	0.002111
mcc	0.585024	0.582085	0.584620	0.581011	0.583275	0.581218	0.581977	0.579113	0.576599	0.575369	0.581029	0.003021
spd	0.076623	0.073394	0.078035	0.081820	0.084800	0.087454	0.083380	0.068620	0.073528	0.071125	0.077878	0.005978
aaod	0.019516	0.023460	0.025505	0.031253	0.038987	0.041899	0.033955	0.021130	0.018491	0.020234	0.027443	0.008084
eod	0.001541	0.016758	0.015425	0.023411	0.038714	0.041378	0.028068	0.010848	0.001199	0.006187	0.018353	0.013627

accuracy change: 0.000007
recall change: -0.003733
precision change: 0.001804
f1score change: -0.001799
mcc change: -0.002272
spd change: -0.017634
aaod change: -0.022550
eod change: -0.032334
