accuracy	0.650459	0.650459	0.650459	0.650459	0.650459	0.650459	0.650459	0.650459	0.650459	0.650459	0.650459	0.000000
recall	0.641283	0.641283	0.641283	0.641283	0.641283	0.641283	0.641283	0.641283	0.641283	0.641283	0.641283	0.000000
precision	0.652470	0.652470	0.652470	0.652470	0.652470	0.652470	0.652470	0.652470	0.652470	0.652470	0.652470	0.000000
f1score	0.639411	0.639411	0.639411	0.639411	0.639411	0.639411	0.639411	0.639411	0.639411	0.639411	0.639411	0.000000
mcc	0.293540	0.293540	0.293540	0.293540	0.293540	0.293540	0.293540	0.293540	0.293540	0.293540	0.293540	0.000000
spd	0.116657	0.116657	0.116657	0.116657	0.116657	0.116657	0.116657	0.116657	0.116657	0.116657	0.116657	0.000000
aaod	0.105844	0.105844	0.105844	0.105844	0.105844	0.105844	0.105844	0.105844	0.105844	0.105844	0.105844	0.000000
eod	0.067731	0.067731	0.067731	0.067731	0.067731	0.067731	0.067731	0.067731	0.067731	0.067731	0.067731	0.000000

accuracy change: -0.004322
recall change: -0.006880
precision change: -0.001617
f1score change: -0.008530
mcc change: -0.008652
spd change: -0.072395
aaod change: -0.073437
eod change: -0.061719
