accuracy	0.896359	0.896250	0.894938	0.895922	0.895048	0.894720	0.896031	0.895266	0.895266	0.895594	0.895540	0.000547
recall	0.749629	0.750992	0.752021	0.752587	0.753867	0.756175	0.752293	0.755419	0.753280	0.750972	0.752723	0.001927
precision	0.773891	0.773394	0.769765	0.772295	0.769840	0.768754	0.772626	0.770232	0.770476	0.771629	0.771290	0.001635
f1score	0.760885	0.761448	0.760420	0.761862	0.761471	0.762227	0.761844	0.762497	0.761435	0.760662	0.761475	0.000634
mcc	0.522957	0.523908	0.521485	0.524511	0.523463	0.524778	0.524525	0.525442	0.523474	0.522193	0.523673	0.001158
spd	0.082676	0.089055	0.079180	0.087589	0.085560	0.087340	0.080534	0.084883	0.086236	0.077062	0.084011	0.003781
aaod	0.010980	0.013687	0.013590	0.010932	0.010971	0.015975	0.013852	0.012633	0.010334	0.019559	0.013251	0.002692
eod	0.004811	0.005837	0.012868	0.001361	0.003115	0.009382	0.011973	0.006697	0.001325	0.023515	0.008088	0.006412

accuracy change: 0.000492
recall change: -0.018617
precision change: 0.003004
f1score change: -0.008325
mcc change: -0.015945
spd change: -0.001588
aaod change: -0.014409
eod change: -0.024666
