accuracy	0.770000	0.770000	0.770000	0.766667	0.773333	0.770000	0.773333	0.770000	0.770000	0.770000	0.770333	0.001795
recall	0.712500	0.712500	0.712500	0.710000	0.715000	0.712500	0.715000	0.712500	0.712500	0.712500	0.712750	0.001346
precision	0.747510	0.747510	0.747510	0.742550	0.752585	0.747510	0.752585	0.747510	0.747510	0.747510	0.748029	0.002709
f1score	0.723524	0.723524	0.723524	0.720432	0.726630	0.723524	0.726630	0.723524	0.723524	0.723524	0.723836	0.001669
mcc	0.458676	0.458676	0.458676	0.451378	0.466072	0.458676	0.466072	0.458676	0.458676	0.458676	0.459425	0.003963
spd	0.070975	0.070975	0.070975	0.066737	0.075212	0.070975	0.075212	0.070975	0.070975	0.070975	0.071398	0.002282
aaod	0.023007	0.023007	0.023007	0.019940	0.026075	0.023007	0.026075	0.023007	0.023007	0.023007	0.023314	0.001652
eod	0.024706	0.024706	0.024706	0.018571	0.030841	0.024706	0.030841	0.024706	0.024706	0.024706	0.025319	0.003304

accuracy change: 0.000333
recall change: 0.000250
precision change: 0.000519
f1score change: 0.000312
mcc change: 0.000749
spd change: 0.000424
aaod change: 0.000307
eod change: 0.000613
