accuracy	0.895922	0.895704	0.896578	0.895485	0.895485	0.896469	0.896469	0.895813	0.896797	0.896031	0.896075	0.000449
recall	0.755440	0.771005	0.759740	0.757328	0.763747	0.760746	0.773228	0.762152	0.769494	0.773690	0.764657	0.006356
precision	0.771934	0.769851	0.773119	0.770583	0.769937	0.772718	0.771487	0.770905	0.772612	0.770419	0.771356	0.001134
f1score	0.763282	0.770426	0.766165	0.763694	0.766785	0.766521	0.772353	0.766415	0.771039	0.772039	0.767872	0.003171
mcc	0.527115	0.540855	0.532690	0.527744	0.533648	0.533331	0.544712	0.532985	0.542097	0.544099	0.535928	0.006180
spd	0.078391	0.083030	0.083981	0.083981	0.079921	0.086888	0.097480	0.081387	0.085511	0.085487	0.084606	0.004967
aaod	0.026865	0.015136	0.007608	0.014677	0.021573	0.011208	0.015551	0.019851	0.013483	0.010897	0.015685	0.005398
eod	0.034258	0.016735	0.001420	0.011173	0.027287	0.004106	0.007246	0.022811	0.011364	0.008774	0.014517	0.010067

accuracy change: 0.001028
recall change: -0.006684
precision change: 0.003070
f1score change: -0.001928
mcc change: -0.003691
spd change: -0.000994
aaod change: -0.011976
eod change: -0.018237
