accuracy	0.843665	0.844107	0.843812	0.843444	0.843370	0.843296	0.844033	0.844549	0.843296	0.843886	0.843746	0.000391
recall	0.728829	0.730433	0.729431	0.728582	0.728533	0.727376	0.730384	0.733346	0.726267	0.729480	0.729266	0.001819
precision	0.819947	0.819762	0.819816	0.819479	0.819290	0.820233	0.819574	0.818330	0.821397	0.820005	0.819783	0.000733
f1score	0.757470	0.758813	0.757963	0.757160	0.757079	0.756266	0.758732	0.760984	0.755529	0.758044	0.757804	0.001438
mcc	0.541159	0.542894	0.541759	0.540471	0.540253	0.539678	0.542677	0.545091	0.539339	0.541977	0.541530	0.001650
spd	0.092592	0.093443	0.094473	0.094041	0.092811	0.091850	0.094892	0.096809	0.091448	0.092354	0.093471	0.001538
aaod	0.055398	0.056942	0.054005	0.053821	0.055813	0.055047	0.055109	0.058387	0.055984	0.056794	0.055730	0.001316
eod	0.091173	0.093562	0.087084	0.086875	0.091526	0.090757	0.088911	0.093688	0.092313	0.094059	0.090995	0.002489

accuracy change: -0.007806
recall change: -0.047518
precision change: 0.012468
f1score change: -0.032149
mcc change: -0.041771
spd change: -0.097041
aaod change: -0.039846
eod change: -0.018599
