accuracy	0.846539	0.848161	0.848530	0.847866	0.847276	0.848235	0.848161	0.847203	0.847719	0.848456	0.847815	0.000603
recall	0.744843	0.756801	0.753216	0.748846	0.750571	0.753827	0.754987	0.749212	0.746431	0.756895	0.751563	0.004010
precision	0.814284	0.810158	0.813460	0.814861	0.812033	0.812278	0.811318	0.812806	0.816323	0.810828	0.812835	0.001822
f1score	0.769394	0.777298	0.775610	0.772666	0.773217	0.775731	0.776313	0.772394	0.771166	0.777567	0.774136	0.002619
mcc	0.554798	0.564442	0.563465	0.559829	0.559237	0.563079	0.563496	0.558409	0.558397	0.565156	0.561031	0.003196
spd	0.135735	0.143596	0.138070	0.137877	0.139002	0.141266	0.141661	0.137268	0.135066	0.145952	0.139549	0.003315
aaod	0.026399	0.028565	0.031181	0.025162	0.027921	0.025866	0.028812	0.028512	0.025806	0.030011	0.027824	0.001873
eod	0.004732	0.003664	0.012422	0.000606	0.004822	0.000299	0.005365	0.007084	0.005230	0.005284	0.004951	0.003209

accuracy change: -0.003737
recall change: -0.025221
precision change: 0.005519
f1score change: -0.015818
mcc change: -0.022270
spd change: -0.050963
aaod change: -0.067753
eod change: -0.104643
