accuracy	0.658023	0.659643	0.656942	0.658023	0.658023	0.658563	0.656402	0.657482	0.656402	0.655862	0.657536	0.001093
recall	0.653112	0.655010	0.651718	0.652881	0.653112	0.653463	0.651368	0.652453	0.651214	0.650863	0.652519	0.001198
precision	0.656371	0.657925	0.655402	0.656476	0.656371	0.657013	0.654756	0.655866	0.654827	0.654185	0.655919	0.001084
f1score	0.653390	0.655333	0.651935	0.653123	0.653390	0.653716	0.651614	0.652709	0.651433	0.651111	0.652775	0.001222
mcc	0.309465	0.312921	0.307098	0.309336	0.309465	0.310455	0.306105	0.308301	0.306020	0.305029	0.308420	0.002276
spd	0.206280	0.202115	0.202293	0.201453	0.206280	0.202258	0.198968	0.203867	0.200649	0.204671	0.202883	0.002257
aaod	0.186136	0.180966	0.182576	0.181309	0.186136	0.182117	0.178667	0.183719	0.180495	0.184514	0.182663	0.002331
eod	0.120481	0.119358	0.115673	0.115673	0.120481	0.115673	0.116153	0.118878	0.117275	0.122083	0.118173	0.002269

accuracy change: 0.002755
recall change: 0.004356
precision change: 0.001832
f1score change: 0.004834
mcc change: 0.006227
spd change: 0.027103
aaod change: 0.029056
eod change: 0.010831
