accuracy	0.654241	0.656942	0.643436	0.647758	0.654241	0.652080	0.659103	0.654241	0.652080	0.656402	0.653052	0.004354
recall	0.652731	0.653640	0.641718	0.645216	0.652347	0.650559	0.655350	0.653192	0.650405	0.654211	0.650937	0.004074
precision	0.652597	0.654922	0.641675	0.645733	0.652443	0.650427	0.657149	0.652827	0.650360	0.654522	0.651265	0.004339
f1score	0.652657	0.653954	0.641696	0.645398	0.652392	0.650486	0.655701	0.652948	0.650382	0.654339	0.650995	0.004112
mcc	0.305328	0.308559	0.283393	0.290948	0.304790	0.300986	0.312494	0.306019	0.300765	0.308733	0.302202	0.008390
spd	0.167665	0.186186	0.149752	0.173690	0.169417	0.179911	0.164286	0.184667	0.184041	0.165430	0.172505	0.010921
aaod	0.143100	0.163693	0.127553	0.151694	0.145865	0.156061	0.141077	0.159964	0.160772	0.141606	0.149139	0.010741
eod	0.106529	0.112463	0.089058	0.108293	0.102844	0.118389	0.090988	0.124799	0.119511	0.097556	0.107043	0.011487

accuracy change: -0.001729
recall change: 0.002774
precision change: -0.002822
f1score change: 0.003054
mcc change: 0.000009
spd change: -0.003276
aaod change: -0.004469
eod change: -0.000298
