accuracy	0.763333	0.763333	0.753333	0.763333	0.760000	0.763333	0.763333	0.760000	0.753333	0.760000	0.760333	0.003786
recall	0.707500	0.707500	0.695000	0.707500	0.702500	0.707500	0.707500	0.702500	0.697500	0.702500	0.703750	0.004366
precision	0.737700	0.737700	0.725225	0.737700	0.733888	0.737700	0.737700	0.733888	0.724432	0.733888	0.733982	0.004868
f1score	0.717353	0.717353	0.704457	0.717353	0.712445	0.717353	0.717353	0.712445	0.706349	0.712445	0.713491	0.004588
mcc	0.444174	0.444174	0.419137	0.444174	0.435257	0.444174	0.444174	0.435257	0.421071	0.435257	0.436685	0.009156
spd	0.062500	0.062500	0.046875	0.062500	0.046875	0.062500	0.062500	0.046875	0.038400	0.046875	0.053840	0.008986
aaod	0.016872	0.016872	0.004165	0.016872	0.014082	0.016872	0.016872	0.014082	0.007947	0.014082	0.013872	0.004177
eod	0.012436	0.012436	0.006301	0.012436	0.012436	0.012436	0.012436	0.012436	0.000166	0.012436	0.010595	0.003928

accuracy change: -0.009667
recall change: -0.008750
precision change: -0.013528
f1score change: -0.010034
mcc change: -0.021991
spd change: -0.017135
aaod change: -0.009135
eod change: -0.014110
