accuracy	0.770000	0.770000	0.770000	0.770000	0.770000	0.770000	0.770000	0.770000	0.770000	0.770000	0.770000	0.000000
recall	0.707500	0.707500	0.707500	0.707500	0.707500	0.707500	0.707500	0.707500	0.707500	0.707500	0.707500	0.000000
precision	0.750438	0.750438	0.750438	0.750438	0.750438	0.750438	0.750438	0.750438	0.750438	0.750438	0.750438	0.000000
f1score	0.719782	0.719782	0.719782	0.719782	0.719782	0.719782	0.719782	0.719782	0.719782	0.719782	0.719782	0.000000
mcc	0.455920	0.455920	0.455920	0.455920	0.455920	0.455920	0.455920	0.455920	0.455920	0.455920	0.455920	0.000000
spd	0.194633	0.194633	0.194633	0.194633	0.194633	0.194633	0.194633	0.194633	0.194633	0.194633	0.194633	0.000000
aaod	0.265403	0.265403	0.265403	0.265403	0.265403	0.265403	0.265403	0.265403	0.265403	0.265403	0.265403	0.000000
eod	0.146154	0.146154	0.146154	0.146154	0.146154	0.146154	0.146154	0.146154	0.146154	0.146154	0.146154	0.000000

accuracy change: -0.000000
recall change: -0.005000
precision change: 0.002927
f1score change: -0.003743
mcc change: -0.002756
spd change: -0.025328
aaod change: -0.024485
eod change: -0.028571
