accuracy	0.643976	0.645057	0.643976	0.645597	0.644516	0.646137	0.645057	0.646137	0.645057	0.643436	0.644895	0.000873
recall	0.633384	0.634624	0.633692	0.634898	0.634580	0.635556	0.635162	0.635402	0.634470	0.632880	0.634465	0.000840
precision	0.647668	0.648589	0.647120	0.649689	0.647134	0.650073	0.647665	0.650366	0.648871	0.646997	0.648417	0.001219
f1score	0.629980	0.631423	0.630618	0.631422	0.631876	0.632226	0.632511	0.631902	0.631103	0.629499	0.631256	0.000923
mcc	0.280689	0.282868	0.280491	0.284202	0.281435	0.285260	0.282550	0.285376	0.282974	0.279521	0.282537	0.001910
spd	0.082048	0.081122	0.076618	0.080059	0.075429	0.078470	0.076092	0.086553	0.082048	0.082711	0.080115	0.003313
aaod	0.068940	0.067471	0.063800	0.067044	0.062489	0.064877	0.063187	0.072676	0.069006	0.069572	0.066906	0.003105
eod	0.052560	0.053824	0.045088	0.048767	0.043881	0.050032	0.043881	0.060032	0.051296	0.053824	0.050319	0.004875

accuracy change: -0.009887
recall change: -0.013698
precision change: -0.005670
f1score change: -0.016685
mcc change: -0.019656
spd change: -0.108937
aaod change: -0.112374
eod change: -0.079131
