accuracy	0.845360	0.853173	0.848161	0.843960	0.849340	0.846466	0.845655	0.846023	0.847866	0.849856	0.847586	0.002557
recall	0.773986	0.778867	0.767582	0.763284	0.771790	0.782378	0.776499	0.763141	0.775850	0.772939	0.772632	0.006040
precision	0.796061	0.809786	0.804287	0.797271	0.804882	0.795584	0.795811	0.801735	0.800246	0.805459	0.801112	0.004674
f1score	0.783858	0.792201	0.782885	0.777571	0.785854	0.788557	0.785259	0.779036	0.786656	0.786806	0.784868	0.004095
mcc	0.569620	0.587840	0.570690	0.559523	0.575722	0.577811	0.571985	0.563556	0.575580	0.577482	0.572981	0.007524
spd	0.185152	0.179243	0.184451	0.168993	0.189143	0.192459	0.181047	0.161300	0.183204	0.184102	0.180910	0.008812
aaod	0.079536	0.080965	0.104131	0.069558	0.100424	0.087302	0.065391	0.062669	0.077217	0.087679	0.081487	0.013120
eod	0.076977	0.092196	0.134077	0.070653	0.120497	0.089843	0.050214	0.065360	0.075358	0.097742	0.087292	0.024109

accuracy change: -0.003966
recall change: -0.004152
precision change: -0.006203
f1score change: -0.005085
mcc change: -0.010320
spd change: -0.009602
aaod change: -0.014089
eod change: -0.022302
