accuracy	0.840716	0.837621	0.848235	0.843812	0.833788	0.844992	0.840495	0.839463	0.838947	0.843960	0.841203	0.003935
recall	0.747731	0.780339	0.773475	0.776688	0.784850	0.767595	0.778619	0.771586	0.762276	0.763183	0.770634	0.010319
precision	0.797525	0.781420	0.801885	0.792396	0.775487	0.797643	0.786260	0.786025	0.787653	0.797313	0.790361	0.007961
f1score	0.766918	0.780876	0.785816	0.783936	0.779922	0.780498	0.782289	0.778277	0.773369	0.777520	0.778942	0.005183
mcc	0.542977	0.561758	0.574658	0.568867	0.560258	0.564439	0.564827	0.557425	0.549344	0.559456	0.560401	0.008650
spd	0.058105	0.071452	0.085314	0.086326	0.108618	0.091260	0.092964	0.083962	0.080243	0.073332	0.083158	0.013019
aaod	0.014887	0.027987	0.037485	0.039193	0.078745	0.053734	0.048362	0.044449	0.039382	0.028078	0.041230	0.016398
eod	0.011788	0.033044	0.033723	0.037376	0.106221	0.064663	0.051011	0.053346	0.043707	0.025746	0.046062	0.024562

accuracy change: -0.010349
recall change: -0.006149
precision change: -0.016955
f1score change: -0.011011
mcc change: -0.022900
spd change: -0.012354
aaod change: -0.008763
eod change: -0.004625
