accuracy	0.900077	0.894720	0.897343	0.892205	0.892861	0.895704	0.895813	0.900732	0.897781	0.894392	0.896163	0.002689
recall	0.730726	0.798968	0.780150	0.767210	0.787914	0.776354	0.771424	0.763911	0.719064	0.777026	0.767275	0.023372
precision	0.789616	0.766559	0.772985	0.762000	0.762924	0.769472	0.770077	0.783605	0.785244	0.766471	0.772895	0.009306
f1score	0.755175	0.781240	0.776493	0.764564	0.774492	0.772843	0.770748	0.773209	0.745661	0.771584	0.768601	0.010160
mcc	0.516999	0.564597	0.553088	0.529185	0.550271	0.545782	0.541500	0.547161	0.499947	0.543395	0.539193	0.017956
spd	0.077634	0.112034	0.109110	0.099034	0.097947	0.105526	0.123584	0.105623	0.081807	0.125453	0.103775	0.014791
aaod	0.052515	0.039387	0.045040	0.033364	0.043875	0.022124	0.052884	0.023255	0.020790	0.034394	0.036763	0.011415
eod	0.065819	0.031441	0.037326	0.026488	0.049060	0.012522	0.031859	0.008332	0.011400	0.008941	0.028319	0.018039

accuracy change: 0.001115
recall change: -0.004066
precision change: 0.004609
f1score change: -0.001199
mcc change: -0.000426
spd change: 0.018176
aaod change: 0.009102
eod change: -0.004436
