accuracy	0.646677	0.650459	0.647758	0.646137	0.642896	0.643976	0.647218	0.654241	0.641815	0.653160	0.647434	0.003935
recall	0.643977	0.646125	0.643064	0.641090	0.639138	0.639840	0.642329	0.649503	0.638206	0.647495	0.643077	0.003538
precision	0.644608	0.648436	0.645755	0.644196	0.640670	0.641788	0.645256	0.652419	0.639576	0.651726	0.645443	0.004123
f1score	0.644182	0.646413	0.643297	0.641252	0.639410	0.640104	0.642529	0.649776	0.638472	0.647576	0.643301	0.003523
mcc	0.288584	0.294551	0.288807	0.285269	0.279804	0.281622	0.287570	0.301908	0.277779	0.299191	0.288508	0.007615
spd	0.202312	0.184863	0.170275	0.189976	0.185489	0.160299	0.207889	0.188260	0.169113	0.178748	0.183722	0.014005
aaod	0.178753	0.162921	0.149892	0.171474	0.164930	0.138152	0.189118	0.166350	0.149395	0.158565	0.162955	0.014181
eod	0.149964	0.118555	0.098040	0.110542	0.120956	0.102686	0.129454	0.117114	0.099800	0.099486	0.114660	0.015536

accuracy change: -0.007347
recall change: -0.005086
precision change: -0.008644
f1score change: -0.004640
mcc change: -0.013684
spd change: 0.007942
aaod change: 0.009347
eod change: 0.007319
