accuracy	0.723333	0.713333	0.736667	0.710000	0.730000	0.686667	0.756667	0.743333	0.743333	0.693333	0.723667	0.021574
recall	0.645000	0.650000	0.680000	0.642500	0.675000	0.625000	0.715000	0.675000	0.690000	0.635000	0.663250	0.026741
precision	0.689853	0.673250	0.702943	0.668889	0.694326	0.639852	0.726090	0.715265	0.710982	0.648810	0.687026	0.027233
f1score	0.653083	0.656531	0.687496	0.649076	0.681566	0.629318	0.719658	0.685110	0.697291	0.639423	0.669855	0.027155
mcc	0.331835	0.322413	0.382255	0.310269	0.368820	0.264436	0.440950	0.388183	0.400433	0.283473	0.349307	0.052990
spd	0.101960	0.086600	0.133475	0.119174	0.065413	0.069650	0.051377	0.136123	0.005826	0.081038	0.085064	0.038020
aaod	0.074826	0.049202	0.097194	0.100123	0.032529	0.035709	0.083448	0.109834	0.042351	0.047378	0.067259	0.027661
eod	0.051733	0.068977	0.081247	0.041950	0.002653	0.065329	0.068977	0.051733	0.018239	0.065329	0.051617	0.023370

accuracy change: -0.046333
recall change: -0.049250
precision change: -0.060484
f1score change: -0.053669
mcc change: -0.109370
spd change: 0.014089
aaod change: 0.044252
eod change: 0.026911
