accuracy	0.641815	0.652620	0.643976	0.646137	0.639654	0.649379	0.647218	0.647758	0.636953	0.646137	0.645165	0.004434
recall	0.640589	0.650526	0.636766	0.638400	0.638340	0.648036	0.642637	0.643525	0.634741	0.645163	0.641872	0.004797
precision	0.640302	0.650749	0.643210	0.645993	0.638091	0.647807	0.645173	0.645658	0.634964	0.644770	0.643672	0.004455
f1score	0.640403	0.650622	0.636119	0.637483	0.638184	0.647899	0.642880	0.643805	0.634834	0.644883	0.641711	0.004941
mcc	0.280891	0.301274	0.279902	0.284292	0.276431	0.295844	0.287799	0.289176	0.269706	0.289933	0.285525	0.008832
spd	0.215223	0.249408	0.172611	0.209849	0.235369	0.223307	0.214125	0.205779	0.184331	0.233516	0.214352	0.022037
aaod	0.203824	0.235557	0.158811	0.202032	0.224342	0.209956	0.202138	0.194563	0.171198	0.221663	0.202408	0.022240
eod	0.171738	0.212832	0.145771	0.146922	0.191795	0.185417	0.172434	0.158698	0.155360	0.189267	0.173023	0.020731

accuracy change: -0.009616
recall change: -0.006291
precision change: -0.010415
f1score change: -0.006230
mcc change: -0.016668
spd change: 0.025300
aaod change: 0.023128
eod change: 0.043573
