accuracy	0.733333	0.690000	0.696667	0.740000	0.733333	0.776667	0.710000	0.710000	0.713333	0.743333	0.724667	0.024459
recall	0.657500	0.620000	0.635000	0.652500	0.657500	0.720000	0.642500	0.650000	0.665000	0.692500	0.659250	0.027158
precision	0.703963	0.642222	0.652207	0.723214	0.703963	0.756246	0.668889	0.669119	0.674603	0.710670	0.690510	0.033371
f1score	0.666870	0.624874	0.640027	0.662162	0.666870	0.731538	0.649076	0.655850	0.668806	0.699121	0.666519	0.028582
mcc	0.358464	0.261279	0.286691	0.369000	0.358464	0.474865	0.310269	0.318546	0.339467	0.402761	0.347980	0.057790
spd	0.214383	0.094226	0.275441	0.158601	0.154078	0.144580	0.199759	0.169908	0.185436	0.180160	0.177657	0.045277
aaod	0.270218	0.147166	0.344919	0.217952	0.199673	0.218452	0.241090	0.235014	0.215080	0.245824	0.233539	0.048352
eod	0.174725	0.046154	0.206593	0.110989	0.130769	0.094505	0.179121	0.112088	0.191209	0.135165	0.138132	0.047291

accuracy change: -0.045333
recall change: -0.053250
precision change: -0.057001
f1score change: -0.057005
mcc change: -0.110696
spd change: -0.042304
aaod change: -0.056349
eod change: -0.036593
