accuracy	0.895813	0.895813	0.895704	0.895594	0.896031	0.895594	0.895813	0.895922	0.895922	0.895813	0.895802	0.000133
recall	0.765719	0.764649	0.765656	0.764880	0.764418	0.765949	0.764649	0.765068	0.765425	0.765005	0.765142	0.000493
precision	0.770561	0.770660	0.770299	0.770102	0.771223	0.770006	0.770660	0.770890	0.770856	0.770627	0.770588	0.000352
f1score	0.768105	0.767601	0.767945	0.767450	0.767752	0.767953	0.767601	0.767929	0.768097	0.767769	0.767820	0.000210
mcc	0.536257	0.535275	0.535934	0.534956	0.535598	0.535940	0.535275	0.535926	0.536253	0.535603	0.535702	0.000414
spd	0.090223	0.090900	0.090110	0.086751	0.087654	0.089772	0.087203	0.087090	0.086864	0.090674	0.088724	0.001652
aaod	0.021599	0.020450	0.021535	0.027818	0.027310	0.021853	0.027564	0.028012	0.028395	0.020833	0.024537	0.003314
eod	0.017535	0.014849	0.017535	0.029973	0.028183	0.018430	0.029078	0.029973	0.030868	0.015745	0.023217	0.006498

accuracy change: 0.000754
recall change: -0.006199
precision change: 0.002302
f1score change: -0.001980
mcc change: -0.003917
spd change: 0.003124
aaod change: -0.003124
eod change: -0.009537
