accuracy	0.750000	0.753333	0.760000	0.753333	0.750000	0.746667	0.750000	0.756667	0.746667	0.750000	0.751667	0.004014
recall	0.697500	0.700000	0.710000	0.705000	0.697500	0.697500	0.700000	0.707500	0.695000	0.700000	0.701000	0.004637
precision	0.719310	0.723764	0.731481	0.722778	0.719310	0.714627	0.718878	0.727086	0.714947	0.718878	0.721106	0.004996
f1score	0.705154	0.708187	0.717809	0.711703	0.705154	0.703911	0.706936	0.714751	0.702132	0.706936	0.708267	0.004738
mcc	0.416239	0.423097	0.440959	0.427408	0.416239	0.411771	0.418453	0.434145	0.409462	0.418453	0.421622	0.009430
spd	0.033898	0.029661	0.018273	0.026748	0.033898	0.046610	0.022511	0.022511	0.038136	0.042373	0.031462	0.008744
aaod	0.088082	0.085015	0.073345	0.079480	0.088082	0.101066	0.072631	0.076413	0.091150	0.097999	0.085326	0.009359
eod	0.045266	0.039131	0.039131	0.051401	0.045266	0.057536	0.051401	0.045266	0.051401	0.051401	0.047720	0.005623

accuracy change: -0.018333
recall change: -0.011500
precision change: -0.026404
f1score change: -0.015257
mcc change: -0.037054
spd change: -0.039513
aaod change: 0.062319
eod change: 0.023014
