accuracy	0.650999	0.655862	0.651540	0.651540	0.653160	0.653160	0.648298	0.652620	0.648298	0.660724	0.652620	0.003451
recall	0.644401	0.650018	0.645981	0.643983	0.647187	0.646496	0.640879	0.646529	0.641648	0.654097	0.646122	0.003678
precision	0.650104	0.654638	0.649989	0.651555	0.651913	0.652425	0.647974	0.651428	0.647311	0.660334	0.651767	0.003499
f1score	0.644139	0.650077	0.646075	0.643260	0.647179	0.646234	0.640182	0.646477	0.641330	0.653949	0.645890	0.003847
mcc	0.294450	0.304621	0.295943	0.295441	0.299063	0.298862	0.288766	0.297917	0.288903	0.314370	0.297834	0.007105
spd	0.144745	0.125741	0.156669	0.151574	0.167414	0.150483	0.144995	0.160102	0.139042	0.162730	0.150349	0.011724
aaod	0.125543	0.104816	0.137176	0.132109	0.147802	0.131157	0.125215	0.141776	0.121114	0.142020	0.130873	0.011856
eod	0.061823	0.043872	0.074002	0.071281	0.084421	0.065670	0.070639	0.069836	0.052046	0.076089	0.066968	0.011233

accuracy change: -0.002161
recall change: -0.002041
precision change: -0.002320
f1score change: -0.002051
mcc change: -0.004359
spd change: -0.025431
aaod change: -0.022735
eod change: -0.040373
