accuracy	0.850667	0.850814	0.850520	0.850888	0.850520	0.850446	0.850225	0.850446	0.850372	0.850372	0.850527	0.000196
recall	0.767935	0.766420	0.766225	0.767980	0.766426	0.765974	0.766835	0.766176	0.766228	0.766832	0.766703	0.000678
precision	0.809668	0.810830	0.810256	0.810147	0.810145	0.810223	0.809247	0.810112	0.809914	0.809586	0.810013	0.000414
f1score	0.784972	0.784322	0.783998	0.785164	0.784100	0.783814	0.784081	0.783917	0.783887	0.784192	0.784245	0.000437
mcc	0.576093	0.575540	0.574796	0.576588	0.574911	0.574496	0.574519	0.574611	0.574483	0.574830	0.575087	0.000701
spd	0.073949	0.074683	0.075026	0.075954	0.075369	0.074769	0.076134	0.075721	0.074761	0.075182	0.075155	0.000629
aaod	0.019952	0.019743	0.019974	0.019347	0.019758	0.020249	0.019761	0.019833	0.019607	0.020620	0.019884	0.000333
eod	0.003195	0.001863	0.001863	0.000201	0.001198	0.002528	0.000798	0.001464	0.001530	0.002862	0.001750	0.000877

accuracy change: -0.001025
recall change: -0.010081
precision change: 0.002697
f1score change: -0.005709
mcc change: -0.008214
spd change: -0.020357
aaod change: -0.030108
eod change: -0.048937
