accuracy	0.848087	0.846908	0.845876	0.846245	0.846982	0.846097	0.846539	0.846982	0.847424	0.848308	0.846945	0.000769
recall	0.757659	0.752040	0.753572	0.752003	0.753802	0.752912	0.751090	0.751887	0.753793	0.755185	0.753394	0.001826
precision	0.809448	0.810079	0.806532	0.808424	0.809121	0.807481	0.809769	0.810369	0.810237	0.811560	0.809302	0.001405
f1score	0.777704	0.773770	0.773864	0.773267	0.774798	0.773663	0.772972	0.773739	0.775117	0.776531	0.774542	0.001446
mcc	0.564736	0.559115	0.557595	0.557579	0.560198	0.557730	0.557781	0.559207	0.561198	0.563935	0.559907	0.002499
spd	0.138311	0.141935	0.142597	0.133418	0.141533	0.148552	0.137601	0.142727	0.139883	0.143000	0.140956	0.003811
aaod	0.041026	0.029888	0.029525	0.034827	0.025943	0.039614	0.027592	0.031079	0.026721	0.032018	0.031823	0.004925
eod	0.030717	0.008152	0.005012	0.022990	0.000199	0.022393	0.005944	0.009771	0.003185	0.013590	0.012195	0.009505

accuracy change: -0.004607
recall change: -0.023389
precision change: 0.001986
f1score change: -0.015411
mcc change: -0.023393
spd change: -0.049556
aaod change: -0.063753
eod change: -0.097399
