accuracy	0.760000	0.756667	0.760000	0.763333	0.760000	0.756667	0.760000	0.760000	0.766667	0.756667	0.760000	0.002981
recall	0.702500	0.700000	0.705000	0.710000	0.705000	0.700000	0.705000	0.705000	0.715000	0.697500	0.704500	0.004848
precision	0.733888	0.729108	0.732955	0.736766	0.732955	0.729108	0.732955	0.732955	0.740546	0.730039	0.733127	0.003329
f1score	0.712445	0.709391	0.714286	0.719142	0.714286	0.709391	0.714286	0.714286	0.723960	0.707497	0.713897	0.004616
mcc	0.435257	0.428120	0.437061	0.445964	0.437061	0.428120	0.437061	0.437061	0.454829	0.426299	0.436683	0.008201
spd	0.012712	0.002913	0.001324	0.014301	0.018538	0.016949	0.001324	0.001324	0.010064	0.008475	0.008792	0.006410
aaod	0.068963	0.061750	0.068599	0.050081	0.043232	0.072030	0.068599	0.053512	0.056930	0.062114	0.060581	0.008990
eod	0.020726	0.006301	0.006301	0.006301	0.006301	0.026861	0.006301	0.026861	0.006301	0.020726	0.013298	0.008787

accuracy change: -0.010000
recall change: -0.008000
precision change: -0.014383
f1score change: -0.009628
mcc change: -0.021993
spd change: -0.062182
aaod change: 0.037574
eod change: -0.011408
