accuracy	0.750000	0.746667	0.756667	0.756667	0.750000	0.743333	0.746667	0.743333	0.760000	0.753333	0.750667	0.005538
recall	0.697500	0.695000	0.705000	0.697500	0.697500	0.690000	0.695000	0.692500	0.710000	0.700000	0.698000	0.005568
precision	0.719310	0.714947	0.727639	0.730039	0.719310	0.710982	0.714947	0.710670	0.731481	0.723764	0.720309	0.007243
f1score	0.705154	0.702132	0.713016	0.707497	0.705154	0.697291	0.702132	0.699121	0.717809	0.708187	0.705749	0.005913
mcc	0.416239	0.409462	0.432046	0.426299	0.416239	0.400433	0.409462	0.402761	0.440959	0.423097	0.417700	0.012293
spd	0.054425	0.034374	0.054425	0.069199	0.054425	0.039349	0.049450	0.044475	0.049450	0.059400	0.050897	0.009468
aaod	0.101437	0.073307	0.098241	0.106622	0.101437	0.080349	0.097591	0.093745	0.091199	0.105283	0.094921	0.010208
eod	0.040659	0.032967	0.048352	0.071429	0.040659	0.032967	0.032967	0.025275	0.048352	0.048352	0.042198	0.012308

accuracy change: -0.019333
recall change: -0.014500
precision change: -0.027201
f1score change: -0.017775
mcc change: -0.040977
spd change: -0.169064
aaod change: -0.194967
eod change: -0.132527
