accuracy	0.647218	0.646137	0.646137	0.647758	0.646137	0.645597	0.646677	0.647758	0.647758	0.647218	0.646840	0.000766
recall	0.641638	0.640552	0.640398	0.641450	0.640475	0.639740	0.641056	0.642373	0.642373	0.641791	0.641184	0.000842
precision	0.645526	0.644410	0.644484	0.646501	0.644446	0.643984	0.644986	0.645996	0.645996	0.645456	0.645178	0.000797
f1score	0.641685	0.640588	0.640390	0.641266	0.640489	0.639690	0.641088	0.642475	0.642475	0.641879	0.641203	0.000882
mcc	0.287137	0.284935	0.284852	0.287907	0.284893	0.283692	0.286015	0.288346	0.288346	0.287223	0.286335	0.001591
spd	0.195857	0.200756	0.197538	0.190369	0.196698	0.195124	0.197502	0.197431	0.194981	0.196626	0.196288	0.002507
aaod	0.174644	0.180402	0.176465	0.168735	0.175911	0.174049	0.176000	0.176506	0.174342	0.175698	0.175275	0.002755
eod	0.132340	0.133943	0.135065	0.129297	0.132340	0.133463	0.136668	0.131218	0.126891	0.131218	0.132244	0.002671

accuracy change: -0.007942
recall change: -0.006979
precision change: -0.008909
f1score change: -0.006739
mcc change: -0.015858
spd change: 0.020508
aaod change: 0.021668
eod change: 0.024903
