accuracy	0.641275	0.640735	0.640194	0.640735	0.640735	0.640194	0.640735	0.640194	0.640735	0.640735	0.640627	0.000324
recall	0.631784	0.631125	0.630544	0.631125	0.631049	0.630314	0.631125	0.630544	0.631202	0.631202	0.631002	0.000404
precision	0.642882	0.642459	0.641925	0.642459	0.642571	0.642267	0.642459	0.641925	0.642348	0.642348	0.642364	0.000271
f1score	0.629425	0.628643	0.628010	0.628643	0.628493	0.627554	0.628643	0.628010	0.628793	0.628793	0.628501	0.000496
mcc	0.274442	0.273350	0.272231	0.273350	0.273377	0.272319	0.273350	0.272231	0.273323	0.273323	0.273129	0.000654
spd	0.119172	0.117183	0.120098	0.117183	0.119435	0.116119	0.120761	0.120098	0.118509	0.118509	0.118707	0.001423
aaod	0.109024	0.106997	0.110493	0.106997	0.109861	0.106505	0.111191	0.110493	0.108326	0.108326	0.108821	0.001576
eod	0.074052	0.072788	0.072788	0.072788	0.071523	0.068995	0.072788	0.072788	0.074052	0.074052	0.072661	0.001436

accuracy change: -0.014155
recall change: -0.017162
precision change: -0.011723
f1score change: -0.019441
mcc change: -0.029063
spd change: -0.070345
aaod change: -0.070459
eod change: -0.056789
