accuracy	0.756667	0.750000	0.756667	0.756667	0.753333	0.756667	0.756667	0.753333	0.763333	0.756667	0.756000	0.003266
recall	0.700000	0.690000	0.700000	0.700000	0.695000	0.700000	0.700000	0.695000	0.710000	0.700000	0.699000	0.004899
precision	0.729108	0.721303	0.729108	0.729108	0.725225	0.729108	0.729108	0.725225	0.736766	0.729108	0.728317	0.003788
f1score	0.709391	0.699483	0.709391	0.709391	0.704457	0.709391	0.709391	0.704457	0.719142	0.709391	0.708389	0.004815
mcc	0.428120	0.410110	0.428120	0.428120	0.419137	0.428120	0.428120	0.419137	0.445964	0.428120	0.426307	0.008782
spd	0.119554	0.114428	0.119554	0.119554	0.124529	0.119554	0.119554	0.124529	0.124680	0.119554	0.120549	0.003036
aaod	0.179574	0.169375	0.179574	0.179574	0.186616	0.179574	0.179574	0.186616	0.189773	0.179574	0.180982	0.005361
eod	0.085714	0.085714	0.085714	0.085714	0.085714	0.085714	0.085714	0.085714	0.085714	0.085714	0.085714	0.000000

accuracy change: -0.014000
recall change: -0.013500
precision change: -0.019193
f1score change: -0.015136
mcc change: -0.032369
spd change: -0.099412
aaod change: -0.108906
eod change: -0.089011
