accuracy	0.846171	0.846023	0.846171	0.845655	0.846392	0.846539	0.845950	0.846097	0.846318	0.846318	0.846163	0.000239
recall	0.739963	0.739664	0.739963	0.738714	0.740513	0.740712	0.739413	0.739814	0.740263	0.740363	0.739938	0.000555
precision	0.817246	0.817071	0.817246	0.816807	0.817421	0.817683	0.817070	0.817158	0.817421	0.817334	0.817246	0.000228
f1score	0.766220	0.765934	0.766220	0.765097	0.766709	0.766932	0.765730	0.766077	0.766505	0.766566	0.766199	0.000505
mcc	0.551824	0.551327	0.551824	0.550005	0.552608	0.553064	0.551039	0.551575	0.552320	0.552360	0.551795	0.000831
spd	0.107119	0.106900	0.106784	0.106249	0.107332	0.107332	0.106571	0.106675	0.107003	0.107222	0.106919	0.000336
aaod	0.047611	0.047964	0.048774	0.049247	0.048147	0.047891	0.048237	0.048950	0.048421	0.048324	0.048357	0.000480
eod	0.067305	0.068011	0.069631	0.070481	0.068219	0.067866	0.068717	0.069984	0.068925	0.068572	0.068771	0.000951

accuracy change: -0.005388
recall change: -0.036845
precision change: 0.009930
f1score change: -0.023754
mcc change: -0.031506
spd change: -0.083593
aaod change: -0.047220
eod change: -0.040823
