accuracy	0.895594	0.895594	0.895922	0.895594	0.895485	0.895485	0.895704	0.896031	0.895594	0.895485	0.895649	0.000178
recall	0.764166	0.764166	0.766138	0.763810	0.763390	0.764104	0.763873	0.766201	0.764166	0.763390	0.764340	0.000956
precision	0.770167	0.770167	0.770790	0.770200	0.769970	0.769904	0.770464	0.771052	0.770167	0.769970	0.770285	0.000356
f1score	0.767113	0.767113	0.768432	0.766944	0.766616	0.766954	0.767104	0.768592	0.767113	0.766616	0.767260	0.000653
mcc	0.534300	0.534300	0.536907	0.533972	0.533320	0.533976	0.534296	0.537231	0.534300	0.533320	0.534592	0.001291
spd	0.083506	0.083506	0.082716	0.083731	0.083844	0.083393	0.083844	0.082829	0.083506	0.083844	0.083472	0.000384
aaod	0.024537	0.024537	0.026646	0.024153	0.023706	0.024472	0.024218	0.026710	0.024537	0.023706	0.024722	0.001023
eod	0.028183	0.028183	0.032659	0.027287	0.026392	0.028183	0.027287	0.032659	0.028183	0.026392	0.028541	0.002163

accuracy change: 0.000601
recall change: -0.007000
precision change: 0.001998
f1score change: -0.002540
mcc change: -0.005027
spd change: -0.002128
aaod change: -0.002939
eod change: -0.004214
