accuracy	0.640194	0.640735	0.639654	0.641815	0.641815	0.641815	0.639114	0.641815	0.639654	0.640194	0.640681	0.001009
recall	0.630083	0.630587	0.629809	0.631597	0.631597	0.631597	0.629381	0.631597	0.629732	0.630083	0.630606	0.000859
precision	0.642626	0.643283	0.641617	0.644602	0.644602	0.644602	0.640855	0.644602	0.641733	0.642626	0.643115	0.001364
f1score	0.627089	0.627571	0.627072	0.628534	0.628534	0.628534	0.626742	0.628534	0.626918	0.627089	0.627662	0.000739
mcc	0.272421	0.273576	0.271169	0.275892	0.275892	0.275892	0.269992	0.275892	0.271200	0.272421	0.273435	0.002196
spd	0.087090	0.086427	0.091732	0.085101	0.085101	0.085101	0.086565	0.085101	0.090406	0.087090	0.086972	0.002212
aaod	0.076345	0.075713	0.080965	0.074448	0.074448	0.074448	0.075601	0.074448	0.079636	0.076345	0.076240	0.002177
eod	0.046410	0.045145	0.051466	0.042617	0.042617	0.042617	0.047731	0.042617	0.050202	0.046410	0.045783	0.003113

accuracy change: -0.014100
recall change: -0.017557
precision change: -0.010972
f1score change: -0.020280
mcc change: -0.028758
spd change: -0.102080
aaod change: -0.103041
eod change: -0.083667
