accuracy	0.851404	0.850225	0.850151	0.850151	0.851330	0.848972	0.848972	0.850372	0.850962	0.851330	0.850387	0.000854
recall	0.779003	0.771571	0.769507	0.770514	0.772002	0.766508	0.764190	0.768343	0.770246	0.776032	0.770792	0.004086
precision	0.806075	0.806869	0.807706	0.807213	0.809067	0.806592	0.807799	0.808788	0.809131	0.807184	0.807642	0.001007
f1score	0.790875	0.786428	0.785359	0.785855	0.787491	0.782963	0.781787	0.784950	0.786346	0.789426	0.786148	0.002575
mcc	0.584451	0.577362	0.575947	0.576561	0.579885	0.571696	0.570324	0.575712	0.578071	0.582384	0.577239	0.004113
spd	0.088676	0.079940	0.078419	0.079527	0.079964	0.081493	0.075721	0.079582	0.081470	0.080134	0.080493	0.003138
aaod	0.039500	0.025095	0.024372	0.028816	0.024679	0.031470	0.023903	0.026110	0.032875	0.024368	0.028119	0.004845
eod	0.035050	0.009775	0.009777	0.019755	0.008777	0.022420	0.011444	0.012106	0.027075	0.008773	0.016495	0.008696

accuracy change: -0.001165
recall change: -0.005992
precision change: 0.000327
f1score change: -0.003805
mcc change: -0.006061
spd change: -0.015019
aaod change: -0.021874
eod change: -0.034192
