accuracy	0.842780	0.836515	0.850299	0.844107	0.841011	0.842191	0.842707	0.844033	0.842191	0.847055	0.843289	0.003444
recall	0.727537	0.713507	0.746530	0.728921	0.721426	0.737021	0.732929	0.739553	0.730874	0.740348	0.731865	0.009210
precision	0.818383	0.812095	0.823682	0.821298	0.818887	0.808240	0.813088	0.811428	0.813356	0.819535	0.815999	0.004748
f1score	0.756032	0.742382	0.773087	0.757826	0.750759	0.761665	0.759469	0.764479	0.757812	0.767075	0.759059	0.008103
mcc	0.538308	0.516273	0.564969	0.542409	0.531451	0.540589	0.540102	0.546272	0.537944	0.554256	0.541257	0.012246
spd	0.043488	0.021282	0.071474	0.056339	0.046095	0.039385	0.043040	0.058580	0.052471	0.058155	0.049031	0.012968
aaod	0.124138	0.152483	0.085567	0.097653	0.110949	0.134825	0.123622	0.098764	0.110211	0.107652	0.114586	0.018650
eod	0.233158	0.277039	0.170159	0.187214	0.208593	0.247408	0.228055	0.187015	0.210801	0.207526	0.215697	0.030125

accuracy change: -0.008263
recall change: -0.044919
precision change: 0.008684
f1score change: -0.030895
mcc change: -0.042043
spd change: -0.141481
aaod change: 0.019010
eod change: 0.106103
