accuracy	0.650999	0.651540	0.652080	0.643436	0.646677	0.647218	0.650999	0.653160	0.649919	0.656942	0.650297	0.003576
recall	0.646706	0.647749	0.648715	0.635262	0.644745	0.641407	0.646553	0.650415	0.644314	0.651642	0.645751	0.004503
precision	0.648979	0.649459	0.649993	0.643567	0.644837	0.645642	0.649013	0.651139	0.648334	0.655441	0.648640	0.003233
f1score	0.647001	0.648062	0.649014	0.634014	0.644788	0.641388	0.646835	0.650647	0.644380	0.651844	0.645797	0.004893
mcc	0.295677	0.297203	0.298705	0.278706	0.289582	0.287017	0.295555	0.301554	0.292621	0.307059	0.294368	0.007536
spd	0.119538	0.100605	0.062919	0.173796	0.068998	0.058771	0.101624	0.210500	0.026055	0.117410	0.104022	0.052617
aaod	0.095966	0.076151	0.038144	0.159628	0.045609	0.053154	0.079766	0.190151	0.049279	0.095183	0.088303	0.047837
eod	0.057972	0.041623	0.002035	0.075609	0.005878	0.015270	0.028802	0.130092	0.045562	0.040505	0.044335	0.035911

accuracy change: -0.004484
recall change: -0.002412
precision change: -0.005447
f1score change: -0.002144
mcc change: -0.007824
spd change: -0.071759
aaod change: -0.065305
eod change: -0.063007
