accuracy	0.829439	0.828333	0.828849	0.827228	0.828481	0.819931	0.827744	0.831577	0.830840	0.826270	0.827869	0.003043
recall	0.670121	0.668984	0.668621	0.664119	0.667973	0.645072	0.667283	0.678390	0.674778	0.662375	0.666772	0.008471
precision	0.851709	0.847760	0.851850	0.853311	0.851200	0.858450	0.848364	0.844797	0.848793	0.851749	0.850798	0.003508
f1score	0.701955	0.700377	0.700217	0.694998	0.699419	0.671716	0.698434	0.710871	0.707108	0.692832	0.697793	0.010016
mcc	0.489215	0.484834	0.487152	0.481603	0.485767	0.456074	0.482806	0.496018	0.493807	0.477977	0.483525	0.010501
spd	0.012036	0.012028	0.000489	0.004453	0.020314	0.009424	0.022046	0.023652	0.026492	0.018895	0.014983	0.008188
aaod	0.030728	0.032420	0.061006	0.057330	0.014458	0.074348	0.008424	0.014379	0.003366	0.009729	0.030619	0.023977
eod	0.053344	0.058000	0.113553	0.111554	0.025066	0.138485	0.012425	0.027403	0.004447	0.012089	0.055637	0.046337

accuracy change: -0.023682
recall change: -0.110012
precision change: 0.043483
f1score change: -0.092160
mcc change: -0.099776
spd change: -0.080529
aaod change: -0.019374
eod change: 0.004950
