accuracy	0.894829	0.895704	0.895266	0.901388	0.896359	0.898765	0.898109	0.895922	0.895376	0.896797	0.896851	0.001924
recall	0.722716	0.753174	0.686237	0.740039	0.761040	0.727832	0.719253	0.678412	0.737652	0.707087	0.723344	0.025479
precision	0.774268	0.771639	0.788131	0.791210	0.772405	0.785984	0.786361	0.795433	0.773020	0.785702	0.782415	0.008304
f1score	0.744421	0.761898	0.721267	0.761912	0.766532	0.751960	0.746156	0.716204	0.753445	0.737105	0.746090	0.016123
mcc	0.494303	0.524488	0.463295	0.528778	0.533325	0.510514	0.501141	0.459168	0.509445	0.486478	0.501094	0.024407
spd	0.016227	0.164550	0.032514	0.143818	0.009572	0.055452	0.056266	0.056863	0.125848	0.032554	0.069366	0.052371
aaod	0.081670	0.099395	0.038292	0.078159	0.146254	0.034349	0.041894	0.004847	0.051731	0.049324	0.062592	0.037954
eod	0.152886	0.113399	0.074903	0.083438	0.275345	0.060448	0.068314	0.002602	0.038066	0.096580	0.096598	0.071002

accuracy change: 0.001804
recall change: -0.047997
precision change: 0.014129
f1score change: -0.023710
mcc change: -0.038525
spd change: -0.016233
aaod change: 0.034931
eod change: 0.063844
