accuracy	0.740000	0.740000	0.753333	0.733333	0.736667	0.743333	0.743333	0.740000	0.723333	0.743333	0.739667	0.007371
recall	0.687500	0.682500	0.690000	0.675000	0.675000	0.675000	0.677500	0.685000	0.660000	0.672500	0.678000	0.008276
precision	0.706680	0.707386	0.727218	0.698864	0.703832	0.715265	0.714230	0.706981	0.686361	0.716450	0.708327	0.010505
f1score	0.694293	0.690476	0.700502	0.682540	0.683456	0.685110	0.687293	0.692413	0.667428	0.682862	0.686637	0.008437
mcc	0.393713	0.389091	0.415555	0.373101	0.377733	0.388183	0.390004	0.391365	0.345356	0.386459	0.385056	0.016941
spd	0.239936	0.336335	0.222722	0.296610	0.249735	0.255297	0.068061	0.029926	0.130561	0.243909	0.207309	0.093868
aaod	0.197487	0.310005	0.180978	0.263052	0.208719	0.226894	0.023814	0.033844	0.081649	0.202656	0.172910	0.090867
eod	0.207760	0.253192	0.184381	0.247057	0.226165	0.184381	0.045598	0.014923	0.147571	0.223678	0.173470	0.077873

accuracy change: -0.030333
recall change: -0.034500
precision change: -0.039184
f1score change: -0.036887
mcc change: -0.073620
spd change: 0.136335
aaod change: 0.149902
eod change: 0.148765
