accuracy	0.647758	0.652080	0.652080	0.649379	0.651540	0.649379	0.647218	0.650999	0.638033	0.652080	0.649055	0.004052
recall	0.641374	0.647946	0.648868	0.639582	0.648594	0.642733	0.647940	0.643555	0.637134	0.649406	0.644713	0.004188
precision	0.646553	0.650053	0.649999	0.652279	0.649475	0.648440	0.647199	0.650865	0.636722	0.650061	0.648165	0.004135
f1score	0.641160	0.648256	0.649155	0.637136	0.648850	0.642432	0.646769	0.642886	0.636820	0.649623	0.644309	0.004658
mcc	0.287880	0.297991	0.298865	0.291585	0.298068	0.291118	0.295137	0.294329	0.273855	0.299467	0.292830	0.007288
spd	0.111387	0.153427	0.054827	0.174040	0.195455	0.224838	0.287744	0.074926	0.428749	0.192940	0.189833	0.103486
aaod	0.098730	0.137492	0.038354	0.163147	0.182168	0.216646	0.273963	0.058282	0.425216	0.177404	0.177140	0.106680
eod	0.073186	0.129848	0.032263	0.127788	0.156340	0.160828	0.253401	0.057958	0.344722	0.166397	0.150273	0.088412

accuracy change: -0.005727
recall change: -0.003450
precision change: -0.005923
f1score change: -0.003633
mcc change: -0.009363
spd change: 0.000781
aaod change: -0.002140
eod change: 0.020823
