accuracy	0.753333	0.670000	0.756667	0.763333	0.726667	0.763333	0.756667	0.750000	0.686667	0.770000	0.739667	0.032777
recall	0.702500	0.577500	0.692500	0.697500	0.647500	0.705000	0.680000	0.707500	0.587500	0.712500	0.671000	0.047660
precision	0.723214	0.609009	0.732334	0.742942	0.695312	0.738775	0.741109	0.718203	0.635701	0.747510	0.708411	0.045759
f1score	0.709971	0.576434	0.703537	0.709647	0.655963	0.715511	0.692550	0.711978	0.585879	0.723524	0.678499	0.051775
mcc	0.425210	0.183828	0.422962	0.438092	0.339462	0.442488	0.416652	0.425568	0.217934	0.458676	0.377087	0.093320
spd	0.200211	0.520579	0.330318	0.234735	0.375094	0.265189	0.199156	0.015528	0.495100	0.144580	0.278049	0.148033
aaod	0.257463	0.602966	0.397286	0.288171	0.460666	0.326051	0.253387	0.034699	0.615718	0.195059	0.343147	0.171559
eod	0.172527	0.414286	0.284615	0.212088	0.284615	0.232967	0.169231	0.012088	0.328571	0.130769	0.224176	0.106753

accuracy change: -0.030333
recall change: -0.041500
precision change: -0.039099
f1score change: -0.045025
mcc change: -0.081589
spd change: 0.058088
aaod change: 0.053259
eod change: 0.049451
