accuracy	0.850077	0.849340	0.850077	0.850004	0.849561	0.849340	0.850888	0.848751	0.850446	0.848824	0.849731	0.000654
recall	0.766939	0.755568	0.769256	0.765278	0.765186	0.758087	0.768484	0.774422	0.760533	0.752606	0.763636	0.006439
precision	0.808857	0.813937	0.807668	0.809584	0.808615	0.812269	0.809878	0.802551	0.813455	0.814666	0.810148	0.003442
f1score	0.784021	0.777502	0.785178	0.783124	0.782741	0.778866	0.785416	0.786664	0.780996	0.775487	0.782000	0.003506
mcc	0.574267	0.566506	0.575644	0.573152	0.572155	0.567777	0.576880	0.576287	0.571543	0.563866	0.571808	0.004195
spd	0.054132	0.052887	0.058080	0.056949	0.056590	0.051700	0.057947	0.058359	0.052114	0.052677	0.055144	0.002558
aaod	0.041686	0.033522	0.039192	0.034623	0.036042	0.033554	0.033687	0.046988	0.038245	0.030843	0.036838	0.004552
eod	0.058416	0.044433	0.050767	0.043777	0.046439	0.046099	0.041784	0.064079	0.053752	0.039773	0.048932	0.007362

accuracy change: -0.001821
recall change: -0.013148
precision change: 0.002832
f1score change: -0.007954
mcc change: -0.011493
spd change: -0.040368
aaod change: -0.013154
eod change: -0.001755
