accuracy	0.895157	0.895266	0.895157	0.895157	0.895266	0.895157	0.895266	0.895048	0.895266	0.895266	0.895201	0.000073
recall	0.752860	0.752923	0.752860	0.752860	0.752923	0.752860	0.752923	0.752797	0.752923	0.752923	0.752885	0.000042
precision	0.770240	0.770518	0.770240	0.770240	0.770518	0.770240	0.770518	0.769961	0.770518	0.770518	0.770351	0.000185
f1score	0.761097	0.761257	0.761097	0.761097	0.761257	0.761097	0.761257	0.760937	0.761257	0.761257	0.761161	0.000106
mcc	0.522811	0.523146	0.522811	0.522811	0.523146	0.522811	0.523146	0.522477	0.523146	0.523146	0.522945	0.000222
spd	0.108531	0.108644	0.108531	0.108531	0.108644	0.108531	0.108644	0.112115	0.108644	0.108644	0.108946	0.001058
aaod	0.038346	0.038410	0.038346	0.038346	0.038410	0.038346	0.038410	0.040797	0.038410	0.038410	0.038623	0.000725
eod	0.042256	0.042256	0.042256	0.042256	0.042256	0.042256	0.042256	0.042256	0.042256	0.042256	0.042256	0.000000

accuracy change: 0.000153
recall change: -0.018456
precision change: 0.002065
f1score change: -0.008639
mcc change: -0.016674
spd change: 0.023346
aaod change: 0.010963
eod change: 0.009502
