accuracy	0.637493	0.638574	0.635332	0.640735	0.633712	0.635332	0.634792	0.639654	0.639114	0.639654	0.637439	0.002336
recall	0.638935	0.637408	0.634841	0.641885	0.633097	0.633535	0.635567	0.637802	0.639680	0.638647	0.637140	0.002685
precision	0.638300	0.637096	0.634312	0.641196	0.632604	0.633515	0.634889	0.637823	0.638982	0.638272	0.636699	0.002603
f1score	0.637269	0.637198	0.634349	0.640429	0.632661	0.633525	0.634368	0.637812	0.638612	0.638377	0.636460	0.002428
mcc	0.277234	0.274503	0.269153	0.283081	0.265701	0.267050	0.270454	0.275625	0.278661	0.276919	0.273838	0.005282
spd	0.231221	0.237746	0.242430	0.234582	0.257161	0.259163	0.268979	0.218366	0.234761	0.226268	0.241068	0.015138
aaod	0.207275	0.218885	0.223255	0.211669	0.238852	0.241316	0.247644	0.197927	0.212566	0.205534	0.220492	0.016020
eod	0.190343	0.168872	0.179448	0.183452	0.192430	0.191151	0.219674	0.157174	0.182491	0.166147	0.183118	0.016486

accuracy change: -0.017342
recall change: -0.011023
precision change: -0.017388
f1score change: -0.011482
mcc change: -0.028354
spd change: 0.065287
aaod change: 0.066885
eod change: 0.075777
