accuracy	0.843444	0.842559	0.845434	0.845286	0.845360	0.846097	0.845139	0.845360	0.843886	0.845729	0.844829	0.001078
recall	0.793069	0.795505	0.788545	0.789555	0.784667	0.787070	0.792682	0.785070	0.793161	0.785919	0.789524	0.003673
precision	0.788584	0.787018	0.792411	0.791982	0.793105	0.793810	0.791220	0.793014	0.789236	0.793445	0.791382	0.002207
f1score	0.790774	0.791071	0.790441	0.790754	0.788709	0.790328	0.791946	0.788885	0.791159	0.789542	0.790361	0.000978
mcc	0.581635	0.582461	0.580943	0.581533	0.577710	0.580841	0.583900	0.578029	0.582384	0.579315	0.580875	0.001884
spd	0.188397	0.188918	0.177753	0.181052	0.170206	0.176622	0.184934	0.171083	0.178931	0.173524	0.179142	0.006349
aaod	0.062245	0.057725	0.053139	0.057482	0.041041	0.052910	0.058026	0.046844	0.050356	0.049971	0.052974	0.005918
eod	0.041293	0.030952	0.032454	0.038661	0.012070	0.032725	0.036001	0.025107	0.026636	0.029550	0.030545	0.007790

accuracy change: -0.006722
recall change: 0.012741
precision change: -0.015933
f1score change: 0.000407
mcc change: -0.002426
spd change: -0.011370
aaod change: -0.042602
eod change: -0.079049
