accuracy	0.655321	0.654781	0.654781	0.655321	0.655862	0.655321	0.655862	0.655321	0.656402	0.654781	0.655375	0.000510
recall	0.648745	0.648163	0.648163	0.648591	0.649018	0.648591	0.649172	0.648668	0.649523	0.648163	0.648680	0.000435
precision	0.654619	0.654087	0.654087	0.654752	0.655422	0.654752	0.655283	0.654685	0.656024	0.654087	0.654780	0.000607
f1score	0.648546	0.647941	0.647941	0.648329	0.648716	0.648329	0.648935	0.648438	0.649212	0.647941	0.648433	0.000412
mcc	0.303307	0.302192	0.302192	0.303280	0.304373	0.303280	0.304394	0.303293	0.305478	0.302192	0.303398	0.001033
spd	0.153929	0.153266	0.156845	0.154855	0.156445	0.154855	0.151940	0.152603	0.155781	0.153266	0.154379	0.001567
aaod	0.142286	0.141589	0.145783	0.143821	0.144992	0.143821	0.140325	0.140957	0.144360	0.141589	0.142952	0.001752
eod	0.104393	0.104393	0.104393	0.101865	0.105601	0.101865	0.101865	0.103129	0.104336	0.104393	0.103623	0.001277

accuracy change: 0.000594
recall change: 0.000517
precision change: 0.000693
f1score change: 0.000492
mcc change: 0.001206
spd change: -0.034673
aaod change: -0.036328
eod change: -0.025827
