accuracy	0.740000	0.743333	0.743333	0.743333	0.746667	0.743333	0.743333	0.740000	0.746667	0.743333	0.743333	0.002108
recall	0.660000	0.665000	0.665000	0.665000	0.670000	0.667500	0.665000	0.660000	0.670000	0.667500	0.665500	0.003317
precision	0.716861	0.721017	0.721017	0.721017	0.725106	0.719313	0.721017	0.716861	0.725106	0.719313	0.720663	0.002693
f1score	0.670218	0.675703	0.675703	0.675703	0.681137	0.678161	0.675703	0.670218	0.681137	0.678161	0.676184	0.003591
mcc	0.372547	0.381931	0.381931	0.381931	0.391244	0.383327	0.381931	0.372547	0.391244	0.383327	0.382196	0.005940
spd	0.219207	0.229308	0.214232	0.229308	0.224333	0.219358	0.229308	0.219207	0.224333	0.219358	0.222795	0.005047
aaod	0.291105	0.308346	0.284062	0.308346	0.301304	0.297458	0.308346	0.291105	0.301304	0.297458	0.298883	0.007906
eod	0.153846	0.153846	0.153846	0.153846	0.153846	0.146154	0.153846	0.153846	0.153846	0.146154	0.152308	0.003077

accuracy change: -0.026667
recall change: -0.047000
precision change: -0.026848
f1score change: -0.047340
mcc change: -0.076480
spd change: 0.002834
aaod change: 0.008995
eod change: -0.022418
