accuracy	0.756667	0.760000	0.756667	0.756667	0.756667	0.756667	0.756667	0.760000	0.756667	0.756667	0.757333	0.001333
recall	0.687500	0.692500	0.687500	0.687500	0.687500	0.687500	0.687500	0.692500	0.687500	0.687500	0.688500	0.002000
precision	0.735272	0.739130	0.735272	0.735272	0.735272	0.735272	0.735272	0.739130	0.735272	0.735272	0.736044	0.001543
f1score	0.699337	0.704514	0.699337	0.699337	0.699337	0.699337	0.699337	0.704514	0.699337	0.699337	0.700372	0.002071
mcc	0.420064	0.429104	0.420064	0.420064	0.420064	0.420064	0.420064	0.429104	0.420064	0.420064	0.421872	0.003616
spd	0.085011	0.080773	0.085011	0.085011	0.085011	0.085011	0.085011	0.080773	0.085011	0.085011	0.084163	0.001695
aaod	0.044870	0.038021	0.044870	0.044870	0.044870	0.044870	0.044870	0.038021	0.044870	0.044870	0.043500	0.002740
eod	0.036976	0.036976	0.036976	0.036976	0.036976	0.036976	0.036976	0.036976	0.036976	0.036976	0.036976	0.000000

accuracy change: -0.012667
recall change: -0.024000
precision change: -0.011467
f1score change: -0.023152
mcc change: -0.036804
spd change: 0.013189
aaod change: 0.020493
eod change: 0.012270
