accuracy	0.846761	0.846834	0.846908	0.846761	0.846834	0.846761	0.846908	0.846687	0.846908	0.846834	0.846819	0.000072
recall	0.749624	0.749774	0.749420	0.749725	0.749270	0.749927	0.749319	0.749575	0.749521	0.749673	0.749583	0.000196
precision	0.811344	0.811432	0.811876	0.811273	0.811787	0.811133	0.811947	0.811185	0.811804	0.811503	0.811528	0.000287
f1score	0.772308	0.772446	0.772299	0.772365	0.772160	0.772479	0.772242	0.772227	0.772356	0.772389	0.772327	0.000095
mcc	0.557563	0.557809	0.557810	0.557612	0.557564	0.557711	0.557761	0.557366	0.557859	0.557760	0.557681	0.000145
spd	0.005475	0.005561	0.004789	0.005647	0.004703	0.005382	0.005226	0.005561	0.004961	0.005390	0.005270	0.000321
aaod	0.084840	0.084674	0.085628	0.084616	0.085795	0.084543	0.084189	0.084783	0.085404	0.084898	0.084937	0.000485
eod	0.161524	0.161192	0.162522	0.161192	0.162855	0.160527	0.159528	0.161524	0.162189	0.161524	0.161458	0.000915

accuracy change: -0.004732
recall change: -0.027201
precision change: 0.004213
f1score change: -0.017626
mcc change: -0.025619
spd change: -0.090242
aaod change: 0.034944
eod change: 0.110771
