accuracy	0.846834	0.846908	0.846982	0.846761	0.846687	0.846834	0.846613	0.846834	0.846908	0.846834	0.846819	0.000103
recall	0.743728	0.744281	0.744330	0.743478	0.743328	0.743325	0.743078	0.743325	0.744080	0.743728	0.743668	0.000415
precision	0.816002	0.815763	0.815932	0.815997	0.815909	0.816332	0.815904	0.816332	0.815926	0.816002	0.816010	0.000174
f1score	0.768947	0.769326	0.769408	0.768746	0.768605	0.768708	0.768404	0.768708	0.769207	0.768947	0.768901	0.000311
mcc	0.555045	0.555464	0.555668	0.554755	0.554507	0.554875	0.554217	0.554875	0.555378	0.555045	0.554983	0.000419
spd	0.093609	0.094260	0.094485	0.093280	0.093170	0.092732	0.092842	0.092732	0.094156	0.093609	0.093488	0.000614
aaod	0.065736	0.066335	0.065093	0.066010	0.066186	0.066124	0.066460	0.066124	0.065366	0.065736	0.065917	0.000410
eod	0.113792	0.114353	0.112028	0.114498	0.114851	0.115204	0.115557	0.115204	0.112734	0.113792	0.114201	0.001077

accuracy change: -0.004732
recall change: -0.033115
precision change: 0.008694
f1score change: -0.021053
mcc change: -0.028318
spd change: -0.097024
aaod change: -0.029659
eod change: 0.004607
