accuracy	0.845065	0.848972	0.841601	0.842854	0.845286	0.847719	0.842707	0.837252	0.841085	0.841822	0.843436	0.003251
recall	0.779937	0.779506	0.766253	0.769100	0.776658	0.771521	0.739479	0.771530	0.754424	0.756425	0.766483	0.012197
precision	0.793755	0.801088	0.791438	0.792898	0.795081	0.801625	0.807807	0.782276	0.795026	0.795717	0.795671	0.006492
f1score	0.786379	0.789207	0.777302	0.779627	0.785050	0.784481	0.763513	0.776603	0.770851	0.772449	0.778546	0.007625
mcc	0.573526	0.580192	0.557123	0.561494	0.571442	0.572354	0.543004	0.553702	0.547948	0.550741	0.561153	0.011962
spd	0.045779	0.053122	0.031637	0.048824	0.036644	0.041788	0.016969	0.050600	0.033972	0.036297	0.039563	0.010290
aaod	0.008323	0.027148	0.024189	0.013953	0.026267	0.009204	0.042441	0.008483	0.018181	0.013735	0.019192	0.010342
eod	0.014521	0.037804	0.042120	0.018836	0.052441	0.018170	0.073030	0.008530	0.033460	0.025145	0.032406	0.018724

accuracy change: -0.008115
recall change: -0.010300
precision change: -0.011644
f1score change: -0.011407
mcc change: -0.022148
spd change: -0.055948
aaod change: -0.030800
eod change: -0.018281
