accuracy	0.639114	0.637493	0.652620	0.649919	0.642896	0.643436	0.649919	0.640735	0.647218	0.656402	0.645975	0.005899
recall	0.634146	0.631787	0.647144	0.644083	0.639369	0.639259	0.648080	0.636582	0.642022	0.652059	0.641453	0.006130
precision	0.636953	0.635513	0.651064	0.648460	0.640676	0.641242	0.648126	0.638485	0.645361	0.654513	0.644039	0.006082
f1score	0.634271	0.631708	0.647268	0.644084	0.639638	0.639517	0.648102	0.636827	0.642163	0.652384	0.641596	0.006162
mcc	0.271085	0.267274	0.298182	0.292510	0.280042	0.280493	0.296206	0.275061	0.287364	0.306562	0.285478	0.012147
spd	0.074826	0.052192	0.077453	0.075111	0.067854	0.076220	0.090201	0.047634	0.071643	0.098335	0.073147	0.014423
aaod	0.052738	0.047341	0.050858	0.052960	0.046479	0.054435	0.065266	0.039337	0.045725	0.073486	0.052862	0.009438
eod	0.019506	0.014951	0.030728	0.005886	0.000271	0.011812	0.032964	0.013672	0.027842	0.035374	0.019301	0.011390

accuracy change: -0.008806
recall change: -0.006710
precision change: -0.010048
f1score change: -0.006345
mcc change: -0.016714
spd change: -0.102633
aaod change: -0.100745
eod change: -0.088041
