accuracy	0.653701	0.659103	0.656942	0.655321	0.657482	0.656942	0.655321	0.647758	0.649919	0.658563	0.655105	0.003511
recall	0.647538	0.653352	0.650335	0.650282	0.650532	0.650489	0.649667	0.640912	0.644775	0.651925	0.648981	0.003483
precision	0.652604	0.657945	0.656346	0.653646	0.657231	0.656215	0.653960	0.646896	0.648125	0.658074	0.654104	0.003741
f1score	0.647474	0.653470	0.650145	0.650518	0.650204	0.650358	0.649772	0.640500	0.644949	0.651745	0.648914	0.003549
mcc	0.300099	0.311263	0.306622	0.303909	0.307690	0.306650	0.303596	0.287746	0.292880	0.309939	0.303040	0.007138
spd	0.057445	0.089126	0.067380	0.087411	0.061412	0.052140	0.026701	0.074800	0.050299	0.073874	0.064059	0.017816
aaod	0.038496	0.068456	0.050623	0.067268	0.045735	0.033374	0.009597	0.060388	0.035353	0.054197	0.046349	0.017045
eod	0.050601	0.088186	0.045487	0.085828	0.032901	0.041751	0.006808	0.046808	0.021979	0.068015	0.048836	0.024688

accuracy change: 0.000324
recall change: 0.000818
precision change: 0.000017
f1score change: 0.000972
mcc change: 0.000847
spd change: -0.124993
aaod change: -0.132932
eod change: -0.080614
