accuracy	0.696667	0.766667	0.690000	0.750000	0.743333	0.730000	0.750000	0.750000	0.750000	0.750000	0.737667	0.023760
recall	0.600000	0.705000	0.552500	0.682500	0.665000	0.630000	0.670000	0.670000	0.677500	0.660000	0.651250	0.042841
precision	0.652777	0.745157	0.679211	0.724491	0.721017	0.718653	0.733212	0.733212	0.727404	0.744443	0.717958	0.027925
f1score	0.600825	0.716691	0.518625	0.693289	0.675703	0.635086	0.681659	0.681659	0.688844	0.671009	0.656339	0.055168
mcc	0.247206	0.448362	0.193996	0.404819	0.381931	0.337193	0.398226	0.398226	0.401817	0.395529	0.360731	0.075515
spd	0.093220	0.043962	0.010328	0.002913	0.050847	0.098782	0.039460	0.000265	0.113347	0.132945	0.058607	0.045621
aaod	0.116498	0.125701	0.010472	0.087442	0.078979	0.076398	0.068532	0.161217	0.075150	0.102619	0.090301	0.038113
eod	0.163489	0.097165	0.009783	0.024706	0.076273	0.046758	0.055381	0.088543	0.070138	0.079920	0.071215	0.040468

accuracy change: -0.032333
recall change: -0.061250
precision change: -0.029553
f1score change: -0.067185
mcc change: -0.097946
spd change: -0.012368
aaod change: 0.067293
eod change: 0.046510
