accuracy	0.890893	0.890565	0.889253	0.888488	0.884662	0.885099	0.882584	0.886302	0.880179	0.894173	0.887220	0.004021
recall	0.751835	0.741662	0.667446	0.707303	0.722933	0.715339	0.751338	0.743846	0.723209	0.718416	0.724333	0.024108
precision	0.759662	0.759491	0.769588	0.757232	0.745597	0.746961	0.741436	0.749202	0.735066	0.773108	0.753734	0.011574
f1score	0.755653	0.750074	0.700994	0.728125	0.733390	0.729439	0.746222	0.746477	0.728888	0.741137	0.736040	0.014876
mcc	0.511437	0.500835	0.424930	0.461844	0.467982	0.461217	0.492674	0.493019	0.458122	0.488473	0.476053	0.024509
spd	0.051473	0.079631	0.036010	0.024523	0.079543	0.044289	0.062378	0.039029	0.087903	0.032819	0.053760	0.021200
aaod	0.065817	0.031470	0.015219	0.058881	0.011635	0.040565	0.070975	0.097964	0.029109	0.052565	0.047420	0.025612
eod	0.117839	0.035858	0.022178	0.109114	0.002638	0.077266	0.114354	0.175554	0.018753	0.100352	0.077391	0.052888

accuracy change: -0.007828
recall change: -0.047008
precision change: -0.014552
f1score change: -0.033760
mcc change: -0.063566
spd change: -0.031840
aaod change: 0.019759
eod change: 0.044636
