accuracy	0.740000	0.743333	0.746667	0.770000	0.753333	0.733333	0.710000	0.716667	0.720000	0.726667	0.736000	0.017436
recall	0.637500	0.640000	0.680000	0.695000	0.685000	0.625000	0.610000	0.607500	0.590000	0.642500	0.641250	0.033657
precision	0.744141	0.753371	0.719298	0.761202	0.729814	0.740385	0.678876	0.702467	0.771739	0.697917	0.729921	0.028434
f1score	0.643640	0.646524	0.690285	0.709396	0.696306	0.627329	0.611601	0.605989	0.573055	0.650568	0.645469	0.041217
mcc	0.366439	0.376680	0.397360	0.451373	0.412386	0.346688	0.280545	0.295061	0.312772	0.335876	0.357518	0.051251
spd	0.097693	0.072516	0.124227	0.153927	0.149254	0.132670	0.027589	0.142771	0.091663	0.138700	0.113101	0.038305
aaod	0.115603	0.084176	0.160616	0.200733	0.192592	0.164859	0.064700	0.165100	0.130563	0.175978	0.145492	0.043117
eod	0.113187	0.098901	0.123077	0.140659	0.138462	0.120879	0.081319	0.141758	0.057143	0.124176	0.113956	0.026158

accuracy change: -0.034000
recall change: -0.071250
precision change: -0.017589
f1score change: -0.078055
mcc change: -0.101158
spd change: -0.106860
aaod change: -0.144396
eod change: -0.060769
