accuracy	0.841969	0.839095	0.844844	0.843223	0.841822	0.839906	0.839685	0.842043	0.841822	0.841380	0.841579	0.001626
recall	0.770024	0.738796	0.742005	0.764508	0.754812	0.747294	0.755007	0.744379	0.749774	0.741118	0.750772	0.009803
precision	0.790943	0.798781	0.811778	0.795263	0.796461	0.795868	0.791777	0.802709	0.799011	0.803129	0.798572	0.005828
f1score	0.779410	0.760618	0.766517	0.777640	0.771591	0.766101	0.770153	0.765943	0.768845	0.763571	0.769039	0.005610
mcc	0.560577	0.534219	0.549370	0.558925	0.549697	0.540986	0.545546	0.543969	0.546572	0.540702	0.547056	0.007682
spd	0.116152	0.069388	0.080958	0.098142	0.092881	0.097212	0.093202	0.077582	0.082260	0.084821	0.089260	0.012501
aaod	0.052105	0.085801	0.068763	0.073219	0.069859	0.059850	0.065316	0.077917	0.081761	0.057500	0.069209	0.010285
eod	0.077837	0.171218	0.131480	0.130295	0.126115	0.101487	0.118144	0.151539	0.155384	0.107938	0.127144	0.026276

accuracy change: -0.009973
recall change: -0.026012
precision change: -0.008744
f1score change: -0.020914
mcc change: -0.036244
spd change: -0.101252
aaod change: -0.026367
eod change: 0.017550
