accuracy	0.644516	0.642896	0.654241	0.648838	0.657482	0.640194	0.646137	0.654241	0.651540	0.649919	0.649001	0.005266
recall	0.646339	0.644364	0.654345	0.648915	0.659755	0.639997	0.647468	0.656420	0.655819	0.650309	0.650373	0.005836
precision	0.645744	0.643705	0.653627	0.648222	0.659230	0.639386	0.646771	0.655879	0.656569	0.649571	0.649870	0.006000
f1score	0.644374	0.642675	0.653544	0.648131	0.657410	0.639361	0.645879	0.654156	0.651471	0.649343	0.648634	0.005363
mcc	0.292083	0.288069	0.307971	0.297137	0.318984	0.279382	0.294239	0.312298	0.312386	0.299879	0.300243	0.011830
spd	0.177231	0.133251	0.150020	0.135325	0.177928	0.177033	0.193714	0.205710	0.174031	0.154007	0.167825	0.022757
aaod	0.152559	0.107104	0.123546	0.109094	0.149160	0.154669	0.169505	0.178527	0.145622	0.128511	0.141830	0.022913
eod	0.126555	0.091455	0.096909	0.087613	0.132646	0.121590	0.139698	0.157488	0.132000	0.101075	0.118703	0.022093

accuracy change: -0.005781
recall change: 0.002210
precision change: -0.004217
f1score change: 0.000693
mcc change: -0.001949
spd change: -0.007955
aaod change: -0.011778
eod change: 0.011362
