accuracy	0.773333	0.770000	0.770000	0.770000	0.770000	0.773333	0.770000	0.773333	0.770000	0.770000	0.771000	0.001528
recall	0.712500	0.710000	0.710000	0.710000	0.710000	0.712500	0.710000	0.712500	0.710000	0.710000	0.710750	0.001146
precision	0.754126	0.748889	0.748889	0.748889	0.748889	0.754126	0.748889	0.754126	0.748889	0.748889	0.750460	0.002400
f1score	0.724785	0.721681	0.721681	0.721681	0.721681	0.724785	0.721681	0.724785	0.721681	0.721681	0.722612	0.001423
mcc	0.464765	0.457238	0.457238	0.457238	0.457238	0.464765	0.457238	0.464765	0.457238	0.457238	0.459496	0.003449
spd	0.159506	0.154530	0.154530	0.154530	0.154530	0.159506	0.154530	0.159506	0.154530	0.154530	0.156023	0.002280
aaod	0.223088	0.219242	0.219242	0.219242	0.219242	0.223088	0.219242	0.223088	0.219242	0.219242	0.220396	0.001763
eod	0.124176	0.116484	0.116484	0.116484	0.116484	0.124176	0.116484	0.124176	0.116484	0.116484	0.118791	0.003525

accuracy change: 0.001000
recall change: -0.001750
precision change: 0.002950
f1score change: -0.000912
mcc change: 0.000820
spd change: -0.063938
aaod change: -0.069492
eod change: -0.055934
