accuracy	0.848456	0.848530	0.848382	0.848456	0.848456	0.848603	0.848530	0.848530	0.848530	0.848456	0.848493	0.000059
recall	0.755686	0.755836	0.755637	0.755787	0.755787	0.755683	0.755937	0.755836	0.755735	0.755585	0.755751	0.000100
precision	0.811605	0.811693	0.811451	0.811539	0.811539	0.811979	0.811627	0.811693	0.811759	0.811671	0.811655	0.000138
f1score	0.776912	0.777048	0.776831	0.776967	0.776967	0.777020	0.777103	0.777048	0.776994	0.776858	0.776975	0.000082
mcc	0.564528	0.564773	0.564335	0.564580	0.564580	0.564864	0.564825	0.564773	0.564722	0.564477	0.564646	0.000163
spd	0.070940	0.071026	0.071634	0.071112	0.071112	0.071205	0.071197	0.071026	0.071463	0.071377	0.071209	0.000208
aaod	0.019131	0.019298	0.020852	0.019355	0.019355	0.020455	0.019522	0.019298	0.020737	0.020571	0.019857	0.000663
eod	0.004467	0.004799	0.007793	0.004799	0.004799	0.007461	0.005132	0.004799	0.007793	0.007461	0.005930	0.001397

accuracy change: -0.003059
recall change: -0.021033
precision change: 0.004340
f1score change: -0.012978
mcc change: -0.018655
spd change: -0.024302
aaod change: -0.030135
eod change: -0.044757
