accuracy	0.846392	0.846466	0.846466	0.846539	0.846466	0.846318	0.846466	0.846392	0.846539	0.846392	0.846444	0.000066
recall	0.735979	0.736330	0.736330	0.736480	0.736330	0.735829	0.736128	0.736079	0.736480	0.735979	0.736194	0.000215
precision	0.821569	0.821461	0.821461	0.821548	0.821461	0.821483	0.821656	0.821472	0.821548	0.821569	0.821523	0.000062
f1score	0.763913	0.764184	0.764184	0.764328	0.764184	0.763768	0.764057	0.763976	0.764328	0.763913	0.764083	0.000179
mcc	0.550939	0.551256	0.551256	0.551505	0.551256	0.550690	0.551188	0.550973	0.551505	0.550939	0.551151	0.000249
spd	0.110865	0.111413	0.111413	0.111523	0.111413	0.110756	0.110975	0.111084	0.111523	0.110865	0.111183	0.000288
aaod	0.036130	0.035759	0.035759	0.035583	0.035759	0.036306	0.035953	0.036033	0.035583	0.036130	0.035900	0.000235
eod	0.042243	0.041185	0.041185	0.040832	0.041185	0.042596	0.041891	0.041891	0.040832	0.042243	0.041608	0.000607

accuracy change: -0.005108
recall change: -0.040589
precision change: 0.014207
f1score change: -0.025870
mcc change: -0.032150
spd change: -0.079329
aaod change: -0.059677
eod change: -0.067986
