accuracy	0.843591	0.842485	0.843444	0.843223	0.842633	0.843665	0.844697	0.844033	0.844328	0.843812	0.843591	0.000657
recall	0.726664	0.719986	0.727272	0.725513	0.722301	0.726512	0.730118	0.728167	0.728262	0.727113	0.726191	0.002829
precision	0.821961	0.825691	0.820827	0.821959	0.823503	0.822373	0.821994	0.821842	0.822723	0.822223	0.822510	0.001241
f1score	0.755988	0.750703	0.756295	0.754974	0.752405	0.755935	0.759005	0.757280	0.757539	0.756434	0.755656	0.002328
mcc	0.540286	0.535341	0.540056	0.538910	0.536339	0.540449	0.544415	0.541973	0.542827	0.541040	0.540164	0.002622
spd	0.054578	0.049391	0.056559	0.052854	0.052995	0.054149	0.055490	0.054905	0.054390	0.054226	0.053954	0.001836
aaod	0.014896	0.016258	0.012589	0.015787	0.015794	0.015055	0.017754	0.016574	0.016451	0.016061	0.015722	0.001294
eod	0.007484	0.013798	0.001829	0.010477	0.009808	0.008149	0.011811	0.010146	0.010479	0.009812	0.009379	0.003015

accuracy change: -0.007960
recall change: -0.050593
precision change: 0.015194
f1score change: -0.034297
mcc change: -0.043137
spd change: -0.041558
aaod change: -0.034271
eod change: -0.041308
