accuracy	0.656402	0.656402	0.655862	0.656402	0.656402	0.656402	0.655862	0.657482	0.656942	0.656942	0.656510	0.000471
recall	0.650215	0.650292	0.650018	0.650599	0.650215	0.649830	0.649249	0.651378	0.650796	0.650719	0.650331	0.000555
precision	0.655440	0.655384	0.654638	0.655173	0.655440	0.655748	0.655217	0.656506	0.655974	0.656032	0.655555	0.000500
f1score	0.650173	0.650275	0.650077	0.650675	0.650173	0.649648	0.649043	0.651375	0.650774	0.650671	0.650288	0.000612
mcc	0.305611	0.305633	0.304621	0.305738	0.305611	0.305521	0.304407	0.307841	0.306726	0.306705	0.305841	0.000966
spd	0.199325	0.198485	0.199218	0.200023	0.199325	0.191280	0.195374	0.196036	0.197681	0.198521	0.197527	0.002517
aaod	0.179762	0.179207	0.179789	0.179878	0.179762	0.171716	0.175955	0.176331	0.177687	0.178960	0.177905	0.002485
eod	0.113751	0.111027	0.113110	0.117437	0.113751	0.105739	0.110066	0.109424	0.113751	0.112149	0.112021	0.003009

accuracy change: 0.001729
recall change: 0.002168
precision change: 0.001468
f1score change: 0.002347
mcc change: 0.003649
spd change: 0.021747
aaod change: 0.024297
eod change: 0.004679
