accuracy	0.647218	0.646677	0.647218	0.645057	0.646677	0.646137	0.645057	0.645597	0.645597	0.645057	0.646029	0.000830
recall	0.636335	0.635830	0.636335	0.634009	0.635907	0.635172	0.634009	0.634514	0.634590	0.633932	0.635063	0.000926
precision	0.651877	0.651195	0.651877	0.649763	0.651044	0.650821	0.649763	0.650448	0.650292	0.649919	0.650700	0.000758
f1score	0.632700	0.632219	0.632700	0.630117	0.632383	0.631410	0.630117	0.630596	0.630764	0.629949	0.631296	0.001066
mcc	0.287792	0.286614	0.287792	0.283334	0.286551	0.285564	0.283334	0.284516	0.284450	0.283401	0.285335	0.001687
spd	0.069586	0.070249	0.069586	0.070512	0.071576	0.068260	0.070512	0.073428	0.067597	0.076343	0.070765	0.002416
aaod	0.055430	0.056063	0.055430	0.056835	0.057392	0.054036	0.056835	0.059335	0.053338	0.062831	0.056753	0.002589
eod	0.043710	0.044975	0.043710	0.043710	0.046239	0.043710	0.043710	0.048710	0.043710	0.048710	0.045090	0.001974

accuracy change: -0.008752
recall change: -0.013100
precision change: -0.003387
f1score change: -0.016646
mcc change: -0.016857
spd change: -0.118287
aaod change: -0.122528
eod change: -0.084360
