accuracy	0.895376	0.895813	0.895813	0.895376	0.895704	0.895485	0.895485	0.895485	0.895813	0.895704	0.895605	0.000173
recall	0.757265	0.757516	0.757516	0.757265	0.757454	0.757328	0.757328	0.757328	0.757516	0.757454	0.757397	0.000099
precision	0.770310	0.771404	0.771404	0.770310	0.771130	0.770583	0.770583	0.770583	0.771404	0.771130	0.770884	0.000432
f1score	0.763534	0.764174	0.764174	0.763534	0.764014	0.763694	0.763694	0.763694	0.764174	0.764014	0.763870	0.000253
mcc	0.527414	0.528738	0.528738	0.527414	0.528407	0.527744	0.527744	0.527744	0.528738	0.528407	0.528109	0.000523
spd	0.094959	0.091713	0.091713	0.094959	0.091600	0.095072	0.095072	0.095072	0.091713	0.095297	0.093717	0.001662
aaod	0.015585	0.013328	0.013328	0.015585	0.013263	0.015650	0.015650	0.015650	0.013328	0.015779	0.014714	0.001147
eod	0.003056	0.003056	0.003056	0.003056	0.003056	0.003056	0.003056	0.003056	0.003056	0.003056	0.003056	0.000000

accuracy change: 0.000558
recall change: -0.013944
precision change: 0.002598
f1score change: -0.005930
mcc change: -0.011510
spd change: 0.008118
aaod change: -0.012946
eod change: -0.029699
