accuracy	0.647758	0.647758	0.648298	0.647218	0.647758	0.646677	0.646677	0.648298	0.647758	0.647218	0.647542	0.000551
recall	0.637531	0.637454	0.638035	0.636949	0.637377	0.636291	0.636291	0.638112	0.637531	0.636873	0.637244	0.000604
precision	0.651233	0.651373	0.651900	0.650705	0.651514	0.650316	0.650316	0.651761	0.651233	0.650845	0.651120	0.000530
f1score	0.634619	0.634464	0.635102	0.633981	0.634307	0.633185	0.633185	0.635257	0.634619	0.633825	0.634254	0.000677
mcc	0.288439	0.288491	0.289604	0.287326	0.288545	0.286264	0.286264	0.289552	0.288439	0.287378	0.288030	0.001130
spd	0.098752	0.097426	0.098089	0.098089	0.099678	0.099678	0.099678	0.095837	0.098752	0.100341	0.098632	0.001269
aaod	0.087733	0.086403	0.087101	0.087035	0.089268	0.089202	0.089202	0.084236	0.087733	0.089900	0.087781	0.001619
eod	0.053824	0.052560	0.052560	0.053824	0.051296	0.052560	0.052560	0.053824	0.053824	0.052560	0.052939	0.000809

accuracy change: -0.007239
recall change: -0.010919
precision change: -0.002967
f1score change: -0.013687
mcc change: -0.014162
spd change: -0.090420
aaod change: -0.091499
eod change: -0.076511
