accuracy	0.766667	0.766667	0.770000	0.770000	0.766667	0.766667	0.766667	0.770000	0.766667	0.766667	0.767667	0.001528
recall	0.707500	0.707500	0.710000	0.710000	0.707500	0.707500	0.707500	0.710000	0.707500	0.707500	0.708250	0.001146
precision	0.743773	0.743773	0.748889	0.748889	0.743773	0.743773	0.743773	0.748889	0.743773	0.743773	0.745308	0.002344
f1score	0.718589	0.718589	0.721681	0.721681	0.718589	0.718589	0.718589	0.721681	0.718589	0.718589	0.719517	0.001417
mcc	0.449813	0.449813	0.457238	0.457238	0.449813	0.449813	0.449813	0.457238	0.449813	0.449813	0.452041	0.003402
spd	0.055350	0.055350	0.059587	0.059587	0.055350	0.055350	0.055350	0.059587	0.055350	0.055350	0.056621	0.001942
aaod	0.020217	0.020217	0.023284	0.023284	0.020217	0.020217	0.020217	0.023284	0.020217	0.020217	0.021137	0.001406
eod	0.024706	0.024706	0.030841	0.030841	0.024706	0.024706	0.024706	0.030841	0.024706	0.024706	0.026546	0.002811

accuracy change: -0.002333
recall change: -0.004250
precision change: -0.002202
f1score change: -0.004008
mcc change: -0.006635
spd change: -0.014354
aaod change: -0.001870
eod change: 0.001840
