accuracy	0.896359	0.896469	0.896359	0.896359	0.896359	0.896359	0.896578	0.896469	0.896359	0.896469	0.896414	0.000073
recall	0.746776	0.746839	0.746419	0.746419	0.746776	0.746776	0.747615	0.747195	0.746419	0.746839	0.746807	0.000355
precision	0.774327	0.774624	0.774384	0.774384	0.774327	0.774327	0.774806	0.774567	0.774384	0.774624	0.774475	0.000159
f1score	0.759422	0.759583	0.759237	0.759237	0.759422	0.759422	0.760113	0.759768	0.759237	0.759583	0.759502	0.000262
mcc	0.520374	0.520722	0.520052	0.520052	0.520374	0.520374	0.521713	0.521044	0.520052	0.520722	0.520548	0.000499
spd	0.091874	0.091987	0.092100	0.092100	0.091874	0.091874	0.091649	0.091762	0.092100	0.091987	0.091931	0.000145
aaod	0.019897	0.019961	0.020409	0.020409	0.019897	0.019897	0.019001	0.019449	0.020409	0.019961	0.019929	0.000423
eod	0.016580	0.016580	0.017475	0.017475	0.016580	0.016580	0.014790	0.015685	0.017475	0.016580	0.016580	0.000801

accuracy change: 0.001367
recall change: -0.024534
precision change: 0.006189
f1score change: -0.010297
mcc change: -0.019071
spd change: 0.006331
aaod change: -0.007732
eod change: -0.016174
