accuracy	0.766667	0.766667	0.766667	0.763333	0.766667	0.766667	0.766667	0.763333	0.766667	0.766667	0.766000	0.001333
recall	0.705000	0.705000	0.705000	0.702500	0.705000	0.705000	0.705000	0.702500	0.705000	0.705000	0.704500	0.001000
precision	0.745157	0.745157	0.745157	0.740000	0.745157	0.745157	0.745157	0.740000	0.745157	0.745157	0.744125	0.002063
f1score	0.716691	0.716691	0.716691	0.713613	0.716691	0.716691	0.716691	0.713613	0.716691	0.716691	0.716075	0.001231
mcc	0.448362	0.448362	0.448362	0.440908	0.448362	0.448362	0.448362	0.440908	0.448362	0.448362	0.446871	0.002982
spd	0.063824	0.063824	0.063824	0.059587	0.063824	0.063824	0.063824	0.059587	0.063824	0.063824	0.062977	0.001695
aaod	0.016435	0.016435	0.016435	0.013368	0.016435	0.016435	0.016435	0.013368	0.016435	0.016435	0.015822	0.001227
eod	0.030841	0.030841	0.030841	0.024706	0.030841	0.030841	0.030841	0.024706	0.030841	0.030841	0.029614	0.002454

accuracy change: -0.004000
recall change: -0.008000
precision change: -0.003385
f1score change: -0.007449
mcc change: -0.011805
spd change: -0.007998
aaod change: -0.007186
eod change: 0.004908
