accuracy	0.770000	0.773333	0.770000	0.773333	0.773333	0.770000	0.770000	0.773333	0.770000	0.770000	0.771333	0.001633
recall	0.707500	0.710000	0.705000	0.710000	0.710000	0.707500	0.705000	0.712500	0.705000	0.705000	0.707750	0.002610
precision	0.750438	0.755848	0.752168	0.755848	0.755848	0.750438	0.752168	0.754126	0.752168	0.752168	0.753122	0.002034
f1score	0.719782	0.722886	0.717826	0.722886	0.722886	0.719782	0.717826	0.724785	0.717826	0.717826	0.720431	0.002550
mcc	0.455920	0.463586	0.454728	0.463586	0.463586	0.455920	0.454728	0.464765	0.454728	0.454728	0.458628	0.004323
spd	0.179557	0.184532	0.189507	0.184532	0.184532	0.179557	0.189507	0.174582	0.189507	0.189507	0.184532	0.004975
aaod	0.254414	0.258260	0.265303	0.258260	0.258260	0.254414	0.265303	0.247372	0.265303	0.265303	0.259219	0.005808
eod	0.124176	0.131868	0.131868	0.131868	0.131868	0.124176	0.131868	0.124176	0.131868	0.131868	0.129560	0.003525

accuracy change: 0.001333
recall change: -0.004750
precision change: 0.005611
f1score change: -0.003093
mcc change: -0.000048
spd change: -0.035429
aaod change: -0.030669
eod change: -0.045165
