accuracy	0.844107	0.842928	0.843886	0.844033	0.843665	0.843444	0.843370	0.843149	0.843517	0.844107	0.843621	0.000390
recall	0.726906	0.726930	0.729077	0.728570	0.731449	0.732512	0.728231	0.729898	0.733266	0.734765	0.730160	0.002580
precision	0.823440	0.819482	0.820415	0.821420	0.817370	0.815693	0.819596	0.817235	0.815232	0.815669	0.818555	0.002611
f1score	0.756491	0.755727	0.757780	0.757546	0.759172	0.759703	0.756880	0.757823	0.760232	0.761579	0.758293	0.001738
mcc	0.541813	0.538516	0.541847	0.542096	0.542052	0.541857	0.540154	0.540117	0.542339	0.544456	0.541525	0.001519
spd	0.116579	0.117741	0.120273	0.117065	0.123066	0.126359	0.121284	0.124217	0.126443	0.125968	0.121899	0.003685
aaod	0.019098	0.019516	0.020180	0.022309	0.022495	0.025054	0.020691	0.025664	0.027852	0.024967	0.022783	0.002822
eod	0.003601	0.003103	0.002461	0.009229	0.006360	0.008270	0.002750	0.011427	0.015390	0.009971	0.007256	0.004130

accuracy change: -0.007931
recall change: -0.046623
precision change: 0.011240
f1score change: -0.031660
mcc change: -0.041776
spd change: -0.068613
aaod change: -0.072794
eod change: -0.102338
