accuracy	0.763333	0.753333	0.753333	0.756667	0.746667	0.753333	0.746667	0.760000	0.750000	0.760000	0.754333	0.005385
recall	0.710000	0.700000	0.692500	0.702500	0.692500	0.697500	0.692500	0.707500	0.692500	0.707500	0.699500	0.006690
precision	0.736766	0.723764	0.726151	0.728311	0.715373	0.724432	0.715373	0.732155	0.720517	0.732155	0.725500	0.006767
f1score	0.719142	0.708187	0.702509	0.711230	0.700300	0.706349	0.700300	0.716073	0.701429	0.716073	0.708159	0.006778
mcc	0.445964	0.423097	0.417297	0.430037	0.407231	0.421071	0.407231	0.438963	0.412065	0.438963	0.424192	0.013136
spd	0.064375	0.074476	0.074175	0.064375	0.089552	0.069350	0.089552	0.059400	0.074325	0.059400	0.071898	0.010359
aaod	0.119228	0.129567	0.140254	0.122424	0.143752	0.129466	0.143752	0.115382	0.136508	0.115382	0.129571	0.010608
eod	0.041758	0.048352	0.027473	0.034066	0.062637	0.034066	0.062637	0.034066	0.034066	0.034066	0.041319	0.011888

accuracy change: -0.015667
recall change: -0.013000
precision change: -0.022011
f1score change: -0.015365
mcc change: -0.034484
spd change: -0.148063
aaod change: -0.160317
eod change: -0.133407
