accuracy	0.750000	0.756667	0.753333	0.756667	0.756667	0.753333	0.760000	0.750000	0.753333	0.753333	0.754333	0.003000
recall	0.695000	0.695000	0.695000	0.697500	0.697500	0.695000	0.702500	0.690000	0.692500	0.695000	0.695500	0.003122
precision	0.719855	0.731111	0.725225	0.730039	0.730039	0.725225	0.733888	0.721303	0.726151	0.725225	0.726806	0.004197
f1score	0.703319	0.705546	0.704457	0.707497	0.707497	0.704457	0.712445	0.699483	0.702509	0.704457	0.705167	0.003290
mcc	0.414109	0.424578	0.419137	0.426299	0.426299	0.419137	0.435257	0.410110	0.417297	0.419137	0.421136	0.006799
spd	0.139756	0.139454	0.139605	0.144580	0.144580	0.139605	0.139605	0.129504	0.134479	0.139605	0.139077	0.004184
aaod	0.207154	0.188056	0.197605	0.201451	0.201451	0.197605	0.194409	0.193659	0.184210	0.197605	0.196321	0.006330
eod	0.092308	0.123077	0.107692	0.115385	0.115385	0.107692	0.115385	0.085714	0.115385	0.107692	0.108571	0.010887

accuracy change: -0.015667
recall change: -0.017000
precision change: -0.020704
f1score change: -0.018358
mcc change: -0.037540
spd change: -0.080883
aaod change: -0.093567
eod change: -0.066154
