accuracy	0.648298	0.648298	0.648298	0.648838	0.647758	0.648298	0.648298	0.648838	0.648298	0.648298	0.648352	0.000291
recall	0.639496	0.639496	0.639726	0.640308	0.638991	0.639572	0.639649	0.640308	0.639572	0.639496	0.639661	0.000372
precision	0.649581	0.649581	0.649275	0.649805	0.648947	0.649477	0.649375	0.649805	0.649477	0.649581	0.649490	0.000240
f1score	0.637877	0.637877	0.638283	0.638905	0.637389	0.638014	0.638149	0.638905	0.638014	0.637877	0.638129	0.000446
mcc	0.288900	0.288900	0.288843	0.289957	0.287766	0.288880	0.288861	0.289957	0.288880	0.288900	0.288984	0.000588
spd	0.126867	0.126867	0.127267	0.127930	0.127530	0.128193	0.129519	0.127930	0.128193	0.126867	0.127716	0.000787
aaod	0.117616	0.117616	0.117411	0.118108	0.118248	0.118945	0.120275	0.118108	0.118945	0.117616	0.118289	0.000837
eod	0.070316	0.070316	0.074109	0.074109	0.071580	0.071580	0.072845	0.074109	0.071580	0.070316	0.072086	0.001517

accuracy change: -0.006429
recall change: -0.008502
precision change: -0.004597
f1score change: -0.009812
mcc change: -0.013208
spd change: -0.061336
aaod change: -0.060992
eod change: -0.057364
