accuracy	0.642355	0.640194	0.641815	0.641275	0.642355	0.641815	0.642355	0.642896	0.641815	0.642896	0.641977	0.000766
recall	0.633177	0.630775	0.632749	0.632014	0.633331	0.632673	0.633331	0.633989	0.632903	0.634066	0.632901	0.000915
precision	0.643628	0.641598	0.642889	0.642561	0.643423	0.642991	0.643423	0.643857	0.642691	0.643759	0.643082	0.000653
f1score	0.631123	0.628457	0.630780	0.629864	0.631408	0.630638	0.631408	0.632176	0.631063	0.632315	0.630923	0.001065
mcc	0.276608	0.272157	0.275452	0.274373	0.276570	0.275471	0.276570	0.277671	0.275420	0.277655	0.275795	0.001564
spd	0.113741	0.109763	0.108574	0.115994	0.109237	0.110826	0.109237	0.104069	0.104069	0.105395	0.109090	0.003703
aaod	0.102887	0.098768	0.097523	0.105686	0.098220	0.100387	0.098220	0.092921	0.092855	0.094250	0.098172	0.003945
eod	0.071580	0.070316	0.067845	0.071580	0.067845	0.066580	0.067845	0.062845	0.064109	0.064109	0.067465	0.002951

accuracy change: -0.012804
recall change: -0.015262
precision change: -0.011005
f1score change: -0.017018
mcc change: -0.026398
spd change: -0.079962
aaod change: -0.081109
eod change: -0.061985
