accuracy	0.895376	0.895485	0.895485	0.895704	0.895813	0.895376	0.895266	0.895266	0.895376	0.895485	0.895463	0.000168
recall	0.763327	0.762320	0.762320	0.761376	0.765005	0.761901	0.762195	0.761838	0.760831	0.762320	0.762344	0.001084
precision	0.769706	0.770071	0.770071	0.770710	0.770627	0.769839	0.769541	0.769574	0.769943	0.770071	0.770015	0.000376
f1score	0.766456	0.766106	0.766106	0.765914	0.767769	0.765777	0.765788	0.765617	0.765263	0.766106	0.766090	0.000639
mcc	0.532996	0.532335	0.532335	0.532004	0.535603	0.531681	0.531685	0.531356	0.530696	0.532335	0.532302	0.001253
spd	0.087428	0.088217	0.088217	0.089120	0.086977	0.088330	0.087992	0.088217	0.089007	0.088217	0.088172	0.000603
aaod	0.026157	0.025072	0.025072	0.024052	0.027947	0.024624	0.024943	0.024560	0.023475	0.025072	0.025097	0.001162
eod	0.026392	0.023706	0.023706	0.021021	0.029973	0.022811	0.023706	0.022811	0.020125	0.023706	0.023796	0.002609

accuracy change: 0.000415
recall change: -0.008997
precision change: 0.001729
f1score change: -0.003710
mcc change: -0.007316
spd change: 0.002573
aaod change: -0.002563
eod change: -0.008959
