accuracy	0.846466	0.846613	0.847203	0.846613	0.847424	0.847719	0.849119	0.847424	0.847719	0.847424	0.847372	0.000728
recall	0.742476	0.753759	0.748205	0.754968	0.751677	0.752981	0.758343	0.757521	0.754089	0.751173	0.752519	0.004372
precision	0.815977	0.808231	0.813543	0.807487	0.811651	0.811524	0.811557	0.807924	0.810788	0.811999	0.811068	0.002504
f1score	0.767941	0.774504	0.771819	0.775165	0.773944	0.774885	0.778838	0.777139	0.775496	0.773662	0.774339	0.002799
mcc	0.553595	0.559343	0.557935	0.559997	0.560126	0.561461	0.567410	0.563193	0.562024	0.559877	0.560496	0.003386
spd	0.125783	0.139170	0.133402	0.143474	0.135952	0.130557	0.139791	0.140289	0.134642	0.136195	0.135925	0.004912
aaod	0.029094	0.029358	0.025711	0.028889	0.027801	0.036933	0.030820	0.033442	0.032791	0.025005	0.029984	0.003450
eod	0.017335	0.008396	0.005962	0.005139	0.008270	0.029966	0.012115	0.015707	0.019109	0.003058	0.012506	0.007768

accuracy change: -0.004179
recall change: -0.024265
precision change: 0.003753
f1score change: -0.015614
mcc change: -0.022804
spd change: -0.054586
aaod change: -0.065592
eod change: -0.097088
