accuracy	0.659103	0.662345	0.666126	0.661804	0.665046	0.660184	0.664506	0.656402	0.659103	0.666667	0.662129	0.003252
recall	0.652891	0.656917	0.658912	0.655414	0.658672	0.655437	0.657783	0.651598	0.653122	0.661569	0.656231	0.002968
precision	0.658280	0.661098	0.666656	0.661254	0.664634	0.658523	0.664404	0.654661	0.658105	0.665368	0.661298	0.003703
f1score	0.652872	0.657143	0.658591	0.655366	0.658669	0.655753	0.657647	0.651878	0.653175	0.661890	0.656298	0.002947
mcc	0.311124	0.317988	0.325476	0.316614	0.323251	0.313945	0.322118	0.306244	0.311187	0.326914	0.317486	0.006538
spd	0.164232	0.168075	0.167002	0.152861	0.162658	0.165412	0.177461	0.132767	0.156812	0.159816	0.160710	0.011274
aaod	0.142213	0.146067	0.145764	0.131715	0.141108	0.143952	0.154056	0.110684	0.135503	0.135953	0.138702	0.011123
eod	0.087307	0.085543	0.076893	0.066312	0.074486	0.081534	0.102695	0.056050	0.074805	0.081216	0.078684	0.011890

accuracy change: 0.007347
recall change: 0.008068
precision change: 0.007211
f1score change: 0.008357
mcc change: 0.015294
spd change: -0.015071
aaod change: -0.014906
eod change: -0.028657
