accuracy	0.753333	0.760000	0.756667	0.756667	0.763333	0.760000	0.763333	0.766667	0.753333	0.766667	0.760000	0.004714
recall	0.702500	0.707500	0.705000	0.705000	0.710000	0.707500	0.712500	0.715000	0.702500	0.712500	0.708000	0.004153
precision	0.723214	0.732155	0.727639	0.727639	0.736766	0.732155	0.735967	0.740546	0.723214	0.741477	0.732077	0.006275
f1score	0.709971	0.716073	0.713016	0.713016	0.719142	0.716073	0.720879	0.723960	0.709971	0.722222	0.716432	0.004737
mcc	0.425210	0.438963	0.432046	0.432046	0.445964	0.438963	0.447853	0.454829	0.425210	0.453052	0.439414	0.010248
spd	0.041314	0.049788	0.045551	0.045551	0.034163	0.049788	0.045551	0.029926	0.041314	0.038400	0.042135	0.006165
aaod	0.009857	0.003888	0.006790	0.006790	0.017236	0.003888	0.003127	0.016475	0.009857	0.014168	0.009208	0.004980
eod	0.012104	0.000166	0.005969	0.005969	0.026861	0.000166	0.000166	0.026861	0.012104	0.020726	0.011109	0.010014

accuracy change: -0.010000
recall change: -0.004500
precision change: -0.015433
f1score change: -0.007092
mcc change: -0.019263
spd change: -0.028840
aaod change: -0.013800
eod change: -0.013596
