accuracy	0.895813	0.895922	0.896031	0.895813	0.895594	0.895485	0.895813	0.896141	0.895922	0.895594	0.895813	0.000196
recall	0.758943	0.760432	0.759782	0.762509	0.760600	0.760181	0.761796	0.760201	0.761145	0.757747	0.760334	0.001288
precision	0.771244	0.771360	0.771710	0.770869	0.770514	0.770282	0.770941	0.771942	0.771284	0.770817	0.771096	0.000487
f1score	0.764869	0.765719	0.765535	0.766586	0.765411	0.765080	0.766245	0.765868	0.766063	0.764028	0.765540	0.000705
mcc	0.530044	0.531680	0.531358	0.533312	0.531022	0.530367	0.532659	0.532014	0.532333	0.528403	0.531319	0.001361
spd	0.083417	0.082628	0.083191	0.084859	0.085761	0.085874	0.085310	0.083079	0.082177	0.083868	0.084016	0.001270
aaod	0.016403	0.018000	0.017299	0.022750	0.020705	0.020258	0.021984	0.017746	0.018766	0.015125	0.018904	0.002338
eod	0.014754	0.018335	0.016544	0.023706	0.019230	0.018335	0.021916	0.017440	0.020125	0.012068	0.018245	0.003189

accuracy change: 0.000765
recall change: -0.011007
precision change: 0.002810
f1score change: -0.004260
mcc change: -0.008300
spd change: -0.001583
aaod change: -0.008757
eod change: -0.014509
