accuracy	0.652080	0.652080	0.652080	0.651540	0.650999	0.650999	0.652620	0.650999	0.650999	0.653701	0.651810	0.000846
recall	0.647024	0.646716	0.646947	0.646596	0.645784	0.645861	0.647375	0.645861	0.645784	0.648614	0.646656	0.000858
precision	0.650315	0.650450	0.650347	0.649716	0.649268	0.649236	0.650953	0.649236	0.649268	0.651997	0.650078	0.000870
f1score	0.647232	0.646862	0.647141	0.646819	0.645952	0.646045	0.647550	0.646045	0.645952	0.648830	0.646843	0.000869
mcc	0.297321	0.297143	0.297274	0.296296	0.295031	0.295077	0.298306	0.295077	0.295031	0.300592	0.296715	0.001721
spd	0.181823	0.180286	0.180214	0.184237	0.178605	0.182664	0.180250	0.180214	0.181055	0.181019	0.181037	0.001482
aaod	0.161339	0.159230	0.159011	0.163749	0.157395	0.161887	0.158764	0.159004	0.160278	0.159825	0.160048	0.001743
eod	0.105254	0.107498	0.107979	0.108459	0.107979	0.109581	0.109101	0.109581	0.107979	0.106376	0.107979	0.001298

accuracy change: -0.002971
recall change: -0.001507
precision change: -0.004009
f1score change: -0.001099
mcc change: -0.005477
spd change: 0.005256
aaod change: 0.006441
eod change: 0.000638
