accuracy	0.750000	0.743333	0.746667	0.750000	0.750000	0.750000	0.750000	0.743333	0.750000	0.753333	0.748667	0.003055
recall	0.697500	0.692500	0.695000	0.697500	0.700000	0.697500	0.702500	0.692500	0.700000	0.702500	0.697750	0.003437
precision	0.719310	0.710670	0.714947	0.719310	0.718878	0.719310	0.718553	0.710670	0.718878	0.723214	0.717374	0.003835
f1score	0.705154	0.699121	0.702132	0.705154	0.706936	0.705154	0.708666	0.699121	0.706936	0.709971	0.704834	0.003504
mcc	0.416239	0.402761	0.409462	0.416239	0.418453	0.416239	0.420747	0.402761	0.418453	0.425210	0.414656	0.007034
spd	0.014036	0.022511	0.018273	0.014036	0.002648	0.014036	0.011123	0.022511	0.002648	0.001589	0.012341	0.007454
aaod	0.062714	0.068849	0.065782	0.062714	0.047263	0.062714	0.057180	0.068849	0.047263	0.044196	0.058752	0.008825
eod	0.045266	0.057536	0.051401	0.045266	0.051401	0.045266	0.057536	0.057536	0.051401	0.045266	0.050788	0.005096

accuracy change: -0.021333
recall change: -0.014750
precision change: -0.030136
f1score change: -0.018690
mcc change: -0.044020
spd change: -0.058633
aaod change: 0.035745
eod change: 0.026082
