accuracy	0.850004	0.849193	0.849635	0.849561	0.849635	0.849783	0.849340	0.849783	0.849488	0.849635	0.849606	0.000219
recall	0.767696	0.765848	0.768761	0.766697	0.766545	0.768859	0.765442	0.767751	0.766648	0.766343	0.767059	0.001104
precision	0.808294	0.807426	0.806937	0.807816	0.808062	0.807214	0.807973	0.807771	0.807675	0.808167	0.807734	0.000410
f1score	0.784345	0.782798	0.784595	0.783507	0.783486	0.784756	0.782704	0.784204	0.783426	0.783384	0.783720	0.000682
mcc	0.574558	0.571764	0.574432	0.573040	0.573105	0.574795	0.571836	0.574128	0.572857	0.572986	0.573350	0.001033
spd	0.078107	0.079863	0.078942	0.079247	0.078818	0.079379	0.077616	0.078708	0.079332	0.078474	0.078849	0.000628
aaod	0.024753	0.029504	0.024255	0.028521	0.026727	0.025802	0.026230	0.025375	0.028579	0.027567	0.026731	0.001673
eod	0.010776	0.019759	0.008446	0.018428	0.014436	0.011773	0.014770	0.011441	0.018428	0.017098	0.014536	0.003642

accuracy change: -0.001946
recall change: -0.009725
precision change: 0.000418
f1score change: -0.006233
mcc change: -0.009951
spd change: -0.016663
aaod change: -0.023261
eod change: -0.036151
