accuracy	0.850520	0.850225	0.849267	0.849709	0.851330	0.851257	0.851183	0.849783	0.850446	0.851699	0.850542	0.000767
recall	0.773379	0.764014	0.762068	0.769314	0.772909	0.775480	0.769486	0.768154	0.768594	0.770030	0.769343	0.003879
precision	0.806664	0.810812	0.809668	0.806829	0.808625	0.807275	0.810018	0.807566	0.808824	0.810897	0.808718	0.001515
f1score	0.787531	0.782644	0.780914	0.784925	0.787931	0.789107	0.786141	0.784405	0.785132	0.786807	0.785554	0.002366
mcc	0.579087	0.572918	0.569751	0.574920	0.580436	0.581886	0.578084	0.574369	0.576014	0.579488	0.576695	0.003576
spd	0.078691	0.073763	0.076299	0.079714	0.081508	0.081188	0.073582	0.080612	0.079231	0.079410	0.078400	0.002738
aaod	0.021296	0.018851	0.026669	0.027895	0.026696	0.021852	0.021198	0.033464	0.026125	0.025573	0.024962	0.004039
eod	0.001537	0.001466	0.017102	0.016762	0.011770	0.000457	0.005858	0.029404	0.012772	0.011440	0.010857	0.008549

accuracy change: -0.001010
recall change: -0.007441
precision change: 0.001402
f1score change: -0.004400
mcc change: -0.006605
spd change: -0.017112
aaod change: -0.025031
eod change: -0.039830
