accuracy	0.845434	0.846318	0.845802	0.846245	0.845802	0.845729	0.845876	0.845802	0.845360	0.845729	0.845810	0.000284
recall	0.737761	0.741371	0.738913	0.740314	0.739013	0.738461	0.739465	0.739517	0.737813	0.738763	0.739139	0.001046
precision	0.816986	0.816474	0.817071	0.817159	0.816983	0.817248	0.816808	0.816546	0.816721	0.816983	0.816898	0.000242
f1score	0.764357	0.767175	0.765321	0.766485	0.765383	0.764993	0.765710	0.765690	0.764338	0.765178	0.765463	0.000831
mcc	0.549061	0.552766	0.550462	0.552152	0.550502	0.550096	0.550870	0.550702	0.548891	0.550214	0.550572	0.001136
spd	0.104490	0.107739	0.105579	0.107332	0.105798	0.105147	0.105895	0.105889	0.105488	0.105470	0.105883	0.000919
aaod	0.050054	0.046321	0.048577	0.047034	0.048480	0.049251	0.047600	0.047376	0.046342	0.048754	0.047979	0.001182
eod	0.073304	0.065044	0.070128	0.066247	0.069775	0.071540	0.068364	0.068011	0.065975	0.070481	0.068887	0.002504

accuracy change: -0.005742
recall change: -0.037644
precision change: 0.009582
f1score change: -0.024490
mcc change: -0.032729
spd change: -0.084629
aaod change: -0.047597
eod change: -0.040707
