accuracy	0.896469	0.896578	0.896578	0.896469	0.896687	0.896469	0.896578	0.896469	0.896469	0.896469	0.896523	0.000073
recall	0.741490	0.740839	0.740839	0.740776	0.740902	0.740776	0.740839	0.740776	0.741490	0.740776	0.740950	0.000272
precision	0.775530	0.775968	0.775968	0.775659	0.776277	0.775659	0.775968	0.775659	0.775530	0.775659	0.775788	0.000232
f1score	0.756782	0.756565	0.756565	0.756402	0.756727	0.756402	0.756565	0.756402	0.756782	0.756402	0.756560	0.000150
mcc	0.515898	0.515612	0.515612	0.515256	0.515968	0.515256	0.515612	0.515256	0.515898	0.515256	0.515562	0.000278
spd	0.106461	0.107025	0.107025	0.106912	0.107138	0.106912	0.107025	0.106912	0.106461	0.106912	0.106878	0.000220
aaod	0.044387	0.045476	0.045476	0.045412	0.045541	0.045412	0.045476	0.045412	0.044387	0.045412	0.045239	0.000428
eod	0.058466	0.060257	0.060257	0.060257	0.060257	0.060257	0.060257	0.060257	0.058466	0.060257	0.059899	0.000716

accuracy change: 0.001476
recall change: -0.030390
precision change: 0.007501
f1score change: -0.013240
mcc change: -0.024056
spd change: 0.021279
aaod change: 0.017578
eod change: 0.027144
