accuracy	0.654781	0.655862	0.655321	0.655321	0.655321	0.655321	0.655862	0.655321	0.655862	0.656402	0.655538	0.000432
recall	0.648317	0.649633	0.649206	0.649206	0.649206	0.649206	0.649864	0.649206	0.649710	0.650368	0.649392	0.000516
precision	0.653961	0.654907	0.654261	0.654261	0.654261	0.654261	0.654741	0.654261	0.654850	0.655329	0.654509	0.000401
f1score	0.648156	0.649571	0.649175	0.649175	0.649175	0.649175	0.649877	0.649175	0.649674	0.650376	0.649353	0.000553
mcc	0.302225	0.304495	0.303425	0.303425	0.303425	0.303425	0.304566	0.303425	0.304517	0.305657	0.303858	0.000905
spd	0.130869	0.134847	0.136837	0.136837	0.136837	0.136837	0.138826	0.136837	0.139752	0.138163	0.136664	0.002313
aaod	0.119138	0.123192	0.125153	0.125153	0.125153	0.125153	0.127180	0.125153	0.127653	0.126548	0.124948	0.002278
eod	0.081865	0.084393	0.086922	0.086922	0.086922	0.086922	0.088186	0.086922	0.091922	0.086922	0.086790	0.002416

accuracy change: 0.000756
recall change: 0.001229
precision change: 0.000422
f1score change: 0.001412
mcc change: 0.001666
spd change: -0.052388
aaod change: -0.054333
eod change: -0.042661
