accuracy	0.763333	0.763333	0.760000	0.763333	0.760000	0.760000	0.760000	0.760000	0.763333	0.763333	0.761667	0.001667
recall	0.697500	0.697500	0.692500	0.695000	0.692500	0.692500	0.692500	0.692500	0.695000	0.695000	0.694250	0.001953
precision	0.742942	0.742942	0.739130	0.744683	0.739130	0.739130	0.739130	0.739130	0.744683	0.744683	0.741559	0.002502
f1score	0.709647	0.709647	0.704514	0.707574	0.704514	0.704514	0.704514	0.704514	0.707574	0.707574	0.706459	0.002073
mcc	0.438092	0.438092	0.429104	0.436867	0.429104	0.429104	0.429104	0.429104	0.436867	0.436867	0.433231	0.004148
spd	0.204583	0.204583	0.209558	0.214533	0.209558	0.209558	0.209558	0.209558	0.214533	0.214533	0.210056	0.003483
aaod	0.279488	0.279488	0.286530	0.290376	0.286530	0.286530	0.286530	0.286530	0.290376	0.290376	0.286275	0.003780
eod	0.146154	0.146154	0.146154	0.153846	0.146154	0.146154	0.146154	0.146154	0.153846	0.153846	0.148462	0.003525

accuracy change: -0.008333
recall change: -0.018250
precision change: -0.005952
f1score change: -0.017066
mcc change: -0.025446
spd change: -0.009905
aaod change: -0.003613
eod change: -0.026264
