accuracy	0.766667	0.766667	0.766667	0.766667	0.766667	0.766667	0.766667	0.766667	0.766667	0.766667	0.766667	0.000000
recall	0.695000	0.695000	0.695000	0.695000	0.695000	0.695000	0.695000	0.695000	0.695000	0.695000	0.695000	0.000000
precision	0.752525	0.752525	0.752525	0.752525	0.752525	0.752525	0.752525	0.752525	0.752525	0.752525	0.752525	0.000000
f1score	0.708511	0.708511	0.708511	0.708511	0.708511	0.708511	0.708511	0.708511	0.708511	0.708511	0.708511	0.000000
mcc	0.443813	0.443813	0.443813	0.443813	0.443813	0.443813	0.443813	0.443813	0.443813	0.443813	0.443813	0.000000
spd	0.097722	0.097722	0.097722	0.097722	0.097722	0.097722	0.097722	0.097722	0.097722	0.097722	0.097722	0.000000
aaod	0.054073	0.054073	0.054073	0.054073	0.054073	0.054073	0.054073	0.054073	0.054073	0.054073	0.054073	0.000000
eod	0.055381	0.055381	0.055381	0.055381	0.055381	0.055381	0.055381	0.055381	0.055381	0.055381	0.055381	0.000000

accuracy change: -0.003333
recall change: -0.017500
precision change: 0.005015
f1score change: -0.015013
mcc change: -0.014863
spd change: 0.026748
aaod change: 0.031065
eod change: 0.030675
