accuracy	0.648298	0.648298	0.649379	0.649379	0.648838	0.648838	0.648298	0.647758	0.648298	0.648838	0.648622	0.000495
recall	0.643108	0.642800	0.644040	0.643886	0.643382	0.643382	0.642800	0.642219	0.642800	0.643382	0.643180	0.000522
precision	0.646473	0.646605	0.647649	0.647720	0.647144	0.647144	0.646605	0.646065	0.646605	0.647144	0.646915	0.000505
f1score	0.643259	0.642880	0.644168	0.643977	0.643476	0.643476	0.642880	0.642283	0.642880	0.643476	0.643275	0.000535
mcc	0.289561	0.289380	0.291667	0.291581	0.290501	0.290501	0.289380	0.288258	0.289380	0.290501	0.290071	0.001018
spd	0.255336	0.256248	0.257017	0.256248	0.257053	0.254603	0.256248	0.255444	0.256248	0.257053	0.256150	0.000773
aaod	0.236039	0.236813	0.237874	0.236819	0.237621	0.235457	0.236813	0.236005	0.236813	0.237621	0.236787	0.000743
eod	0.182024	0.184269	0.181544	0.182666	0.184269	0.179941	0.184269	0.184269	0.184269	0.184269	0.183179	0.001479

accuracy change: -0.006159
recall change: -0.004983
precision change: -0.007172
f1score change: -0.004666
mcc change: -0.012121
spd change: 0.080369
aaod change: 0.083180
eod change: 0.075838
